5 2 1 1 139 0.000000080

5 2 1 2 151 0.000000040

5 2 1 3 166 0.000000070

5 2 1 4 142 0.000000060

5 2 1 5 145 0.000000070

5 2 1 6 187 0.000000070

5 2 1 7 170 0.000000070

5 2 1 8 118 0.000000080

5 2 1 9 150 0.000000050

5 2 1 10 168 0.000000040

5 2 2 1 169 0.000000080

5 2 2 2 211 0.000000050

5 2 2 3 194 0.000000070

5 2 2 4 176 0.000000060

5 2 2 5 186 0.000000060

5 2 2 6 250 0.000000060

5 2 2 7 167 0.000000080

5 2 2 8 228 0.000000060

5 2 2 9 184 0.000000070

5 2 2 10 206 0.000000070

5 2 3 1 220 0.000000110

5 2 3 2 230 0.000000060

5 2 3 3 185 0.000000060

5 2 3 4 201 0.000000070

5 2 3 5 216 0.000000060

5 2 3 6 259 0.000000050

5 2 3 7 228 0.000000050

5 2 3 8 227 0.000000070

5 2 3 9 227 0.000000060

5 2 3 10 222 0.000000070

5 2 4 1 276 0.000000060

5 2 4 2 248 0.000000060

5 2 4 3 258 0.000000060

5 2 4 4 266 0.000000060

5 2 4 5 259 0.000000080

5 2 4 6 269 0.000000080

5 2 4 7 272 0.000000060

5 2 4 8 274 0.000000050

5 2 4 9 272 0.000000050

5 2 4 10 270 0.000000050

5 2 5 1 466 0.000000060

5 2 5 2 499 0.000000060

5 2 5 3 472 0.000000050

5 2 5 4 444 0.000000050

5 2 5 5 546 0.000000060

5 2 5 6 580 0.000000060

5 2 5 7 513 0.000000060

5 2 5 8 487 0.000000050

5 2 5 9 672 0.000000060

5 2 5 10 619 0.000000050

5 3 1 1 96 0.000000080

5 3 1 2 129 0.000000050

5 3 1 3 118 0.000000060

5 3 1 4 99 0.000000060

5 3 1 5 154 0.000000060

5 3 1 6 114 0.000000060

5 3 1 7 131 0.000000060

5 3 1 8 124 0.000000060

5 3 1 9 106 0.000000060

5 3 1 10 100 0.000000060

5 3 2 1 129 0.000000080

5 3 2 2 141 0.000000070

5 3 2 3 141 0.000000080

5 3 2 4 164 0.000000070

5 3 2 5 123 0.000000060

5 3 2 6 145 0.000000090

5 3 2 7 167 0.000000080

5 3 2 8 149 0.000000070

5 3 2 9 121 0.000000060

5 3 2 10 122 0.000000060

5 3 3 1 165 0.000000060

5 3 3 2 170 0.000000060

5 3 3 3 147 0.000000080

5 3 3 4 155 0.000000060

5 3 3 5 165 0.000000070

5 3 3 6 155 0.000000080

5 3 3 7 150 0.000000080

5 3 3 8 144 0.000000070

5 3 3 9 138 0.000000070

5 3 3 10 167 0.000000090

5 3 4 1 183 0.000000080

5 3 4 2 176 0.000000060

5 3 4 3 185 0.000000060

5 3 4 4 180 0.000000100

5 3 4 5 178 0.000000060

5 3 4 6 176 0.000000080

5 3 4 7 177 0.000000091

5 3 4 8 184 0.000000100

5 3 4 9 176 0.000000069

5 3 4 10 186 0.000000080

5 3 5 1 339 0.000000111

5 3 5 2 490 0.000000080

5 3 5 3 412 0.000000100

5 3 5 4 301 0.000000080

5 3 5 5 436 0.000000080

5 3 5 6 395 0.000000091

5 3 5 7 475 0.000000080

5 3 5 8 419 0.000000100

5 3 5 9 417 0.000000069

5 3 5 10 366 0.000000089

6 2 1 1 122 0.000000100

6 2 1 2 157 0.000000060

6 2 1 3 212 0.000000080

6 2 1 4 163 0.000000090

6 2 1 5 149 0.000000080

6 2 1 6 209 0.000000080

6 2 1 7 118 0.000000090

6 2 1 8 238 0.000000080

6 2 1 9 106 0.000000070

6 2 1 10 176 0.000000080

6 2 2 1 219 0.000000060

6 2 2 2 156 0.000000100

6 2 2 3 231 0.000000100

6 2 2 4 201 0.000000090

6 2 2 5 182 0.000000080

6 2 2 6 181 0.000000080

6 2 2 7 225 0.000000080

6 2 2 8 179 0.000000070

6 2 2 9 188 0.000000100

6 2 2 10 190 0.000000110

6 2 3 1 229 0.000000080

6 2 3 2 241 0.000000100

6 2 3 3 234 0.000000090

6 2 3 4 226 0.000000080

6 2 3 5 225 0.000000070

6 2 3 6 218 0.000000090

6 2 3 7 252 0.000000060

6 2 3 8 226 0.000000060

6 2 3 9 239 0.000000090

6 2 3 10 204 0.000000080

6 2 4 1 273 0.000000090

6 2 4 2 275 0.000000090

6 2 4 3 268 0.000000110

6 2 4 4 292 0.000000080

6 2 4 5 281 0.000000080

6 2 4 6 266 0.000000090

6 2 4 7 272 0.000000100

6 2 4 8 282 0.000000070

6 2 4 9 272 0.000000090

6 2 4 10 278 0.000000090

6 2 5 1 568 0.000000080

6 2 5 2 806 0.000000080

6 2 5 3 699 0.000000080

6 2 5 4 484 0.000000080

6 2 5 5 844 0.000000070

6 2 5 6 755 0.000000070

6 2 5 7 477 0.000000080

6 2 5 8 607 0.000000080

6 2 5 9 636 0.000000090

6 2 5 10 555 0.000000080

6 3 1 1 116 0.000000080

6 3 1 2 120 0.000000070

6 3 1 3 141 0.000000050

6 3 1 4 107 0.000000080

6 3 1 5 130 0.000000080

6 3 1 6 93 0.000000080

6 3 1 7 126 0.000000080

6 3 1 8 143 0.000000070

6 3 1 9 131 0.000000070

6 3 1 10 101 0.000000080

6 3 2 1 132 0.000000080

6 3 2 2 139 0.000000070

6 3 2 3 122 0.000000060

6 3 2 4 172 0.000000090

6 3 2 5 160 0.000000080

6 3 2 6 149 0.000000070

6 3 2 7 154 0.000000080

6 3 2 8 150 0.000000070

6 3 2 9 146 0.000000070

6 3 2 10 153 0.000000070

6 3 3 1 145 0.000000080

6 3 3 2 153 0.000000080

6 3 3 3 167 0.000000070

6 3 3 4 139 0.000000080

6 3 3 5 181 0.000000090

6 3 3 6 180 0.000000070

6 3 3 7 175 0.000000080

6 3 3 8 146 0.000000080

6 3 3 9 155 0.000000080

6 3 3 10 173 0.000000090

6 3 4 1 180 0.000000110

6 3 4 2 183 0.000000090

6 3 4 3 177 0.000000090

6 3 4 4 188 0.000000080

6 3 4 5 173 0.000000080

6 3 4 6 178 0.000000220

6 3 4 7 191 0.000000080

6 3 4 8 190 0.000000080

6 3 4 9 192 0.000000080

6 3 4 10 189 0.000000090

6 3 5 1 342 0.000000080

6 3 5 2 469 0.000000080

6 3 5 3 482 0.000000080

6 3 5 4 370 0.000000090

6 3 5 5 382 0.000000080

6 3 5 6 439 0.000000080

6 3 5 7 505 0.000000090

6 3 5 8 406 0.000000090

6 3 5 9 374 0.000000080

6 3 5 10 473 0.000000110

7 2 1 1 249 0.000000080

7 2 1 2 153 0.000000080

7 2 1 3 107 0.000000090

7 2 1 4 205 0.000000110

7 2 1 5 214 0.000000080

7 2 1 6 221 0.000000080

7 2 1 7 189 0.000000080

7 2 1 8 169 0.000000090

7 2 1 9 165 0.000000070

7 2 1 10 136 0.000000090

7 2 2 1 223 0.000000090

7 2 2 2 212 0.000000070

7 2 2 3 266 0.000000090

7 2 2 4 241 0.000000080

7 2 2 5 253 0.000000100

7 2 2 6 238 0.000000090

7 2 2 7 249 0.000000090

7 2 2 8 223 0.000000090

7 2 2 9 269 0.000000090

7 2 2 10 198 0.000000090

7 2 3 1 256 0.000000100

7 2 3 2 302 0.000000100

7 2 3 3 339 0.000000090

7 2 3 4 289 0.000000100

7 2 3 5 266 0.000000090

7 2 3 6 298 0.000000090

7 2 3 7 280 0.000000100

7 2 3 8 287 0.000000080

7 2 3 9 296 0.000000090

7 2 3 10 290 0.000000090

7 2 4 1 342 0.000000090

7 2 4 2 360 0.000000090

7 2 4 3 354 0.000000080

7 2 4 4 356 0.000000100

7 2 4 5 351 0.000000090

7 2 4 6 356 0.000000080

7 2 4 7 351 0.000000100

7 2 4 8 357 0.000000070

7 2 4 9 369 0.000000080

7 2 4 10 370 0.000000100

7 2 5 1 940 0.000000100

7 2 5 2 849 0.000000080

7 2 5 3 664 0.000000090

7 2 5 4 535 0.000000090

7 2 5 5 733 0.000000080

7 2 5 6 864 0.000000090

7 2 5 7 867 0.000000090

7 2 5 8 733 0.000000070

7 2 5 9 793 0.000000080

7 2 5 10 719 0.000000090

7 3 1 1 159 0.000000110

7 3 1 2 158 0.000000110

7 3 1 3 132 0.000000080

7 3 1 4 106 0.000000100

7 3 1 5 137 0.000000100

7 3 1 6 117 0.000000090

7 3 1 7 76 0.000000080

7 3 1 8 135 0.000000080

7 3 1 9 128 0.000000070

7 3 1 10 98 0.000000070

7 3 2 1 155 0.000000070

7 3 2 2 216 0.000000060

7 3 2 3 207 0.000000160

7 3 2 4 146 0.000000120

7 3 2 5 174 0.000000100

7 3 2 6 146 0.000000110

7 3 2 7 162 0.000000070

7 3 2 8 196 0.000000140

7 3 2 9 215 0.000000100

7 3 2 10 130 0.000000100

7 3 3 1 228 0.000000100

7 3 3 2 212 0.000000090

7 3 3 3 246 0.000000110

7 3 3 4 200 0.000000080

7 3 3 5 199 0.000000120

7 3 3 6 206 0.000000090

7 3 3 7 174 0.000000080

7 3 3 8 194 0.000000060

7 3 3 9 223 0.000000080

7 3 3 10 236 0.000000080

7 3 4 1 272 0.000000060

7 3 4 2 267 0.000000060

7 3 4 3 275 0.000000080

7 3 4 4 268 0.000000080

7 3 4 5 274 0.000000080

7 3 4 6 251 0.000000080

7 3 4 7 278 0.000000070

7 3 4 8 279 0.000000080

7 3 4 9 261 0.000000070

7 3 4 10 272 0.000000070

7 3 5 1 422 0.000000110

7 3 5 2 291 0.000000090

7 3 5 3 473 0.000000060

7 3 5 4 618 0.000000090

7 3 5 5 558 0.000000080

7 3 5 6 366 0.000000100

7 3 5 7 518 0.000000090

7 3 5 8 511 0.000000080

7 3 5 9 582 0.000000080

7 3 5 10 447 0.000000080

10 3 1 1 145 0.000000110

10 3 1 2 205 0.000000170

10 3 1 3 190 0.000000130

10 3 1 4 223 0.000000250

10 3 1 5 133 0.000000110

10 3 1 6 192 0.000000100

10 3 1 7 188 0.000000100

10 3 1 8 139 0.000000550

10 3 1 9 190 0.000000090

10 3 1 10 185 0.000000120

10 3 2 1 200 0.000000100

10 3 2 2 213 0.000000100

10 3 2 3 265 0.000000100

10 3 2 4 246 0.000000100

10 3 2 5 234 0.000000110

10 3 2 6 252 0.000000100

10 3 2 7 267 0.000000100

10 3 2 8 220 0.000000100

10 3 2 9 209 0.000000100

10 3 2 10 265 0.000000100

10 3 3 1 320 0.000000100

10 3 3 2 293 0.000000140

10 3 3 3 282 0.000000140

10 3 3 4 319 0.000000120

10 3 3 5 279 0.000000180

10 3 3 6 314 0.000000130

10 3 3 7 305 0.000000100

10 3 3 8 306 0.000000110

10 3 3 9 302 0.000000100

10 3 3 10 286 0.000000100

10 3 4 1 356 0.000000100

10 3 4 2 358 0.000000110

10 3 4 3 342 0.000000100

10 3 4 4 357 0.000000090

10 3 4 5 358 0.000000100

10 3 4 6 346 0.000000100

10 3 4 7 352 0.000000100

10 3 4 8 346 0.000000100

10 3 4 9 363 0.000000100

10 3 4 10 356 0.000000100

10 3 5 1 647 0.000000100

10 3 5 2 773 0.000000130

10 3 5 3 694 0.000000130

10 3 5 4 617 0.000000110

10 3 5 5 820 0.000000130

10 3 5 6 696 0.000000090

10 3 5 7 791 0.000000100

10 3 5 8 614 0.000000110

10 3 5 9 600 0.000000140

10 3 5 10 736 0.000000100

10 5 1 1 96 0.000002300

10 5 1 2 159 0.000000110

10 5 1 3 118 0.000000110

10 5 1 4 108 0.000000110

10 5 1 5 112 0.000000140

10 5 1 6 131 0.000000160

10 5 1 7 141 0.000000090

10 5 1 8 142 0.000000090

10 5 1 9 156 0.000000090

10 5 1 10 126 0.000000150

10 5 2 1 151 0.000000140

10 5 2 2 167 0.000000110

10 5 2 3 153 0.000000100

10 5 2 4 137 0.000000100

10 5 2 5 149 0.000000110

10 5 2 6 159 0.000000110

10 5 2 7 137 0.000000110

10 5 2 8 153 0.000000110

10 5 2 9 139 0.000000110

10 5 2 10 112 0.000000090

10 5 3 1 151 0.000000090

10 5 3 2 179 0.000000090

10 5 3 3 154 0.000000090

10 5 3 4 164 0.000000090

10 5 3 5 159 0.000000110

10 5 3 6 156 0.000000100

10 5 3 7 160 0.000000120

10 5 3 8 142 0.000000130

10 5 3 9 160 0.000000140

10 5 3 10 170 0.000000150

10 5 4 1 180 0.000000150

10 5 4 2 186 0.000000120

10 5 4 3 188 0.000000130

10 5 4 4 182 0.000000110

10 5 4 5 189 0.000000110

10 5 4 6 193 0.000000130

10 5 4 7 181 0.000000150

10 5 4 8 191 0.000000090

10 5 4 9 187 0.000000090

10 5 4 10 181 0.000000130

10 5 5 1 391 0.000000120

10 5 5 2 381 0.000000140

10 5 5 3 394 0.000000100

10 5 5 4 455 0.000000110

10 5 5 5 466 0.000000110

10 5 5 6 454 0.000000100

10 5 5 7 445 0.000000130

10 5 5 8 480 0.000000150

10 5 5 9 416 0.000000100

10 5 5 10 436 0.000000090

10 7 1 1 99 0.000000150

10 7 1 2 81 0.000000150

10 7 1 3 103 0.000000170

10 7 1 4 118 0.000000140

10 7 1 5 99 0.000000160

10 7 1 6 86 0.000000130

10 7 1 7 94 0.000000130

10 7 1 8 95 0.000000130

10 7 1 9 120 0.000000130

10 7 1 10 111 0.000000150

10 7 2 1 110 0.000000160

10 7 2 2 128 0.000000140

10 7 2 3 138 0.000000110

10 7 2 4 135 0.000000130

10 7 2 5 129 0.000000130

10 7 2 6 122 0.000000130

10 7 2 7 99 0.000000120

10 7 2 8 140 0.000000130

10 7 2 9 107 0.000000130

10 7 2 10 133 0.000000130

10 7 3 1 153 0.000000120

10 7 3 2 143 0.000000130

10 7 3 3 136 0.000000150

10 7 3 4 146 0.000000160

10 7 3 5 161 0.000000130

10 7 3 6 150 0.000000130

10 7 3 7 144 0.000000140

10 7 3 8 146 0.000000150

10 7 3 9 149 0.000000130

10 7 3 10 149 0.000000130

10 7 4 1 178 0.000000130

10 7 4 2 171 0.000000130

10 7 4 3 179 0.000000130

10 7 4 4 178 0.000000130

10 7 4 5 182 0.000000140

10 7 4 6 177 0.000000140

10 7 4 7 183 0.000000130

10 7 4 8 167 0.000000150

10 7 4 9 174 0.000000130

10 7 4 10 171 0.000000130

10 7 5 1 345 0.000000130

10 7 5 2 380 0.000000150

10 7 5 3 381 0.000000140

10 7 5 4 435 0.000000130

10 7 5 5 282 0.000000130

10 7 5 6 297 0.000000150

10 7 5 7 409 0.000000140

10 7 5 8 357 0.000000110

10 7 5 9 277 0.000000110

10 7 5 10 423 0.000000150

12 3 1 1 226 0.000000110

12 3 1 2 265 0.000000110

12 3 1 3 201 0.000000130

12 3 1 4 296 0.000000110

12 3 1 5 217 0.000000130

12 3 1 6 241 0.000000110

12 3 1 7 190 0.000000100

12 3 1 8 206 0.000000120

12 3 1 9 232 0.000000120

12 3 1 10 225 0.000000120

12 3 2 1 281 0.000000120

12 3 2 2 307 0.000000110

12 3 2 3 249 0.000000130

12 3 2 4 272 0.000000110

12 3 2 5 274 0.000000120

12 3 2 6 264 0.000000120

12 3 2 7 269 0.000000110

12 3 2 8 338 0.000000180

12 3 2 9 298 0.000000130

12 3 2 10 290 0.000000130

12 3 3 1 312 0.000000130

12 3 3 2 300 0.000000130

12 3 3 3 291 0.000000130

12 3 3 4 304 0.000000120

12 3 3 5 285 0.000000120

12 3 3 6 330 0.000000130

12 3 3 7 319 0.000000120

12 3 3 8 315 0.000000120

12 3 3 9 287 0.000000120

12 3 3 10 291 0.000000120

12 3 4 1 359 0.000000120

12 3 4 2 359 0.000000120

12 3 4 3 363 0.000000120

12 3 4 4 362 0.000000120

12 3 4 5 369 0.000000120

12 3 4 6 359 0.000000150

12 3 4 7 369 0.000000140

12 3 4 8 353 0.000000150

12 3 4 9 361 0.000000130

12 3 4 10 364 0.000000120

12 3 5 1 766 0.000000110

12 3 5 2 750 0.000000120

12 3 5 3 758 0.000000120

12 3 5 4 744 0.000000140

12 3 5 5 842 0.000000130

12 3 5 6 813 0.000000120

12 3 5 7 751 0.000000120

12 3 5 8 758 0.000000120

12 3 5 9 729 0.000000120

12 3 5 10 682 0.000000120

12 5 1 1 129 0.000000140

12 5 1 2 117 0.000000130

12 5 1 3 148 0.000000140

12 5 1 4 145 0.000000120

12 5 1 5 166 0.000000120

12 5 1 6 140 0.000000120

12 5 1 7 135 0.000000150

12 5 1 8 178 0.000000150

12 5 1 9 133 0.000000150

12 5 1 10 124 0.000000110

12 5 2 1 158 0.000000120

12 5 2 2 217 0.000000120

12 5 2 3 176 0.000000120

12 5 2 4 157 0.000000120

12 5 2 5 158 0.000000120

12 5 2 6 171 0.000000130

12 5 2 7 187 0.000000160

12 5 2 8 169 0.000000130

12 5 2 9 208 0.000000130

12 5 2 10 192 0.000000110

12 5 3 1 206 0.000000130

12 5 3 2 211 0.000000120

12 5 3 3 211 0.000000140

12 5 3 4 196 0.000000140

12 5 3 5 203 0.000000180

12 5 3 6 232 0.000000110

12 5 3 7 210 0.000000150

12 5 3 8 232 0.000000130

12 5 3 9 210 0.000000120

12 5 3 10 195 0.000000120

12 5 4 1 254 0.000000120

12 5 4 2 270 0.000000120

12 5 4 3 257 0.000000120

12 5 4 4 261 0.000000110

12 5 4 5 260 0.000000120

12 5 4 6 266 0.000000120

12 5 4 7 257 0.000000120

12 5 4 8 267 0.000000120

12 5 4 9 266 0.000000110

12 5 4 10 265 0.000000120

12 5 5 1 489 0.000000160

12 5 5 2 626 0.000000130

12 5 5 3 477 0.000000120

12 5 5 4 479 0.000000110

12 5 5 5 499 0.000000130

12 5 5 6 589 0.000000130

12 5 5 7 491 0.000000120

12 5 5 8 462 0.000000120

12 5 5 9 493 0.000000120

12 5 5 10 510 0.000000120

12 7 1 1 132 0.000000170

12 7 1 2 130 0.000000150

12 7 1 3 132 0.000000140

12 7 1 4 127 0.000000130

12 7 1 5 98 0.000000140

12 7 1 6 113 0.000000140

12 7 1 7 109 0.000000140

12 7 1 8 118 0.000000130

12 7 1 9 133 0.000000190

12 7 1 10 104 0.000000150

12 7 2 1 151 0.000000140

12 7 2 2 146 0.000000140

12 7 2 3 132 0.000000210

12 7 2 4 138 0.000000200

12 7 2 5 133 0.000000140

12 7 2 6 128 0.000000140

12 7 2 7 132 0.000000130

12 7 2 8 138 0.000000140

12 7 2 9 157 0.000000130

12 7 2 10 125 0.000000140

12 7 3 1 159 0.000000130

12 7 3 2 146 0.000000140

12 7 3 3 160 0.000000140

12 7 3 4 155 0.000000170

12 7 3 5 154 0.000000180

12 7 3 6 170 0.000000140

12 7 3 7 152 0.000000150

12 7 3 8 156 0.000000200

12 7 3 9 163 0.000000160

12 7 3 10 153 0.000000140

12 7 4 1 180 0.000000140

12 7 4 2 183 0.000000140

12 7 4 3 182 0.000000140

12 7 4 4 178 0.000000130

12 7 4 5 184 0.000000140

12 7 4 6 180 0.000000140

12 7 4 7 177 0.000000130

12 7 4 8 185 0.000000140

12 7 4 9 180 0.000000140

12 7 4 10 179 0.000000130

12 7 5 1 433 0.000000140

12 7 5 2 413 0.000000140

12 7 5 3 455 0.000000140

12 7 5 4 398 0.000000140

12 7 5 5 363 0.000000140

12 7 5 6 409 0.000000140

12 7 5 7 369 0.000000180

12 7 5 8 419 0.000000170

12 7 5 9 374 0.000000200

12 7 5 10 447 0.000000140

15 3 1 1 267 0.000000120

15 3 1 2 308 0.000000130

15 3 1 3 261 0.000000120

15 3 1 4 296 0.000000130

15 3 1 5 300 0.000000180

15 3 1 6 262 0.000000160

15 3 1 7 224 0.000000150

15 3 1 8 294 0.000000170

15 3 1 9 256 0.000000140

15 3 1 10 322 0.000000140

15 3 2 1 319 0.000000140

15 3 2 2 387 0.000000140

15 3 2 3 361 0.000000130

15 3 2 4 272 0.000000150

15 3 2 5 355 0.000000160

15 3 2 6 313 0.000000140

15 3 2 7 325 0.000000180

15 3 2 8 323 0.000000620

15 3 2 9 288 0.000000170

15 3 2 10 320 0.000000160

15 3 3 1 396 0.000000190

15 3 3 2 386 0.000000150

15 3 3 3 382 0.000000130

15 3 3 4 385 0.000000140

15 3 3 5 408 0.000000170

15 3 3 6 371 0.000000180

15 3 3 7 400 0.000000150

15 3 3 8 374 0.000000170

15 3 3 9 345 0.000000150

15 3 3 10 406 0.000000140

15 3 4 1 438 0.000000130

15 3 4 2 428 0.000000120

15 3 4 3 458 0.000000140

15 3 4 4 462 0.000000140

15 3 4 5 449 0.000000140

15 3 4 6 455 0.000000180

15 3 4 7 460 0.000000170

15 3 4 8 452 0.000000170

15 3 4 9 444 0.000000150

15 3 4 10 452 0.000000130

15 3 5 1 1085 0.000000130

15 3 5 2 976 0.000000130

15 3 5 3 938 0.000000130

15 3 5 4 913 0.000000130

15 3 5 5 965 0.000000130

15 3 5 6 1047 0.000000130

15 3 5 7 1048 0.000000130

15 3 5 8 1077 0.000000150

15 3 5 9 916 0.000000120

15 3 5 10 861 0.000000120

15 5 1 1 160 0.000000130

15 5 1 2 170 0.000000190

15 5 1 3 185 0.000000160

15 5 1 4 187 0.000000140

15 5 1 5 190 0.000000120

15 5 1 6 196 0.000000120

15 5 1 7 175 0.000000140

15 5 1 8 182 0.000000140

15 5 1 9 123 0.000000120

15 5 1 10 181 0.000000140

15 5 2 1 191 0.000000140

15 5 2 2 222 0.000000120

15 5 2 3 196 0.000000131

15 5 2 4 224 0.000000180

15 5 2 5 179 0.000000129

15 5 2 6 208 0.000000131

15 5 2 7 205 0.000000180

15 5 2 8 225 0.000000171

15 5 2 9 183 0.000000169

15 5 2 10 198 0.000000140

15 5 3 1 226 0.000000129

15 5 3 2 229 0.000000180

15 5 3 3 240 0.000000180

15 5 3 4 228 0.000000151

15 5 3 5 255 0.000000129

15 5 3 6 214 0.000000140

15 5 3 7 239 0.000000140

15 5 3 8 234 0.000000129

15 5 3 9 219 0.000000131

15 5 3 10 226 0.000000111

15 5 4 1 276 0.000000180

15 5 4 2 270 0.000000149

15 5 4 3 275 0.000000129

15 5 4 4 272 0.000000140

15 5 4 5 268 0.000000131

15 5 4 6 279 0.000000140

15 5 4 7 274 0.000000140

15 5 4 8 265 0.000000140

15 5 4 9 284 0.000000140

15 5 4 10 276 0.000000160

15 5 5 1 610 0.000000191

15 5 5 2 586 0.000000169

15 5 5 3 565 0.000000131

15 5 5 4 546 0.000000140

15 5 5 5 601 0.000000140

15 5 5 6 577 0.000000140

15 5 5 7 515 0.000000140

15 5 5 8 542 0.000000131

15 5 5 9 679 0.000000131

15 5 5 10 636 0.000000160

15 7 1 1 129 0.000000180

15 7 1 2 141 0.000000140

15 7 1 3 105 0.000000160

15 7 1 4 137 0.000000160

15 7 1 5 97 0.000000149

15 7 1 6 115 0.000000160

15 7 1 7 127 0.000000211

15 7 1 8 148 0.000000160

15 7 1 9 139 0.000000171

15 7 1 10 129 0.000000149

15 7 2 1 176 0.000000211

15 7 2 2 174 0.000000180

15 7 2 3 167 0.000000140

15 7 2 4 143 0.000000160

15 7 2 5 153 0.000000149

15 7 2 6 145 0.000000151

15 7 2 7 173 0.000000180

15 7 2 8 151 0.000000189

15 7 2 9 171 0.000000160

15 7 2 10 156 0.000000129

15 7 3 1 184 0.000000140

15 7 3 2 221 0.000000129

15 7 3 3 182 0.000000160

15 7 3 4 200 0.000000160

15 7 3 5 207 0.000000131

15 7 3 6 183 0.000000189

15 7 3 7 197 0.000000209

15 7 3 8 203 0.000000140

15 7 3 9 217 0.000000160

15 7 3 10 188 0.000000131

15 7 4 1 250 0.000000129

15 7 4 2 256 0.000000160

15 7 4 3 260 0.000000180

15 7 4 4 249 0.000000209

15 7 4 5 262 0.000000160

15 7 4 6 257 0.000000200

15 7 4 7 263 0.000000180

15 7 4 8 262 0.000000211

15 7 4 9 256 0.000000151

15 7 4 10 259 0.000000189

15 7 5 1 438 0.000000220

15 7 5 2 520 0.000000189

15 7 5 3 503 0.000000180

15 7 5 4 422 0.000000189

15 7 5 5 533 0.000000210

15 7 5 6 552 0.000000210

15 7 5 7 471 0.000000160

15 7 5 8 515 0.000000140

15 7 5 9 466 0.000000140

15 7 5 10 421 0.000000170

