5 2 1 1 139 0.000000071

5 2 1 2 138 0.000000060

5 2 1 3 164 0.000000060

5 2 1 4 142 0.000000060

5 2 1 5 150 0.000000051

5 2 1 6 187 0.000000060

5 2 1 7 171 0.000000060

5 2 1 8 95 0.000000051

5 2 1 9 150 0.000000060

5 2 1 10 171 0.000000069

5 2 2 1 169 0.000000069

5 2 2 2 175 0.000000060

5 2 2 3 166 0.000000060

5 2 2 4 167 0.000000060

5 2 2 5 190 0.000000060

5 2 2 6 252 0.000000049

5 2 2 7 169 0.000000040

5 2 2 8 227 0.000000040

5 2 2 9 186 0.000000060

5 2 2 10 176 0.000000060

5 2 3 1 219 0.000000060

5 2 3 2 230 0.000000060

5 2 3 3 178 0.000000060

5 2 3 4 209 0.000000060

5 2 3 5 216 0.000000049

5 2 3 6 254 0.000000040

5 2 3 7 199 0.000000040

5 2 3 8 210 0.000000060

5 2 3 9 212 0.000000040

5 2 3 10 211 0.000000040

5 2 4 1 277 0.000000060

5 2 4 2 250 0.000000051

5 2 4 3 257 0.000000060

5 2 4 4 266 0.000000060

5 2 4 5 259 0.000000040

5 2 4 6 269 0.000000060

5 2 4 7 272 0.000000040

5 2 4 8 274 0.000000040

5 2 4 9 272 0.000000040

5 2 4 10 269 0.000000060

5 2 5 1 466 0.000000040

5 2 5 2 503 0.000000040

5 2 5 3 439 0.000000060

5 2 5 4 444 0.000000051

5 2 5 5 588 0.000000060

5 2 5 6 555 0.000000060

5 2 5 7 536 0.000000060

5 2 5 8 479 0.000000050

5 2 5 9 658 0.000000060

5 2 5 10 613 0.000000060

5 3 1 1 95 0.000000100

5 3 1 2 101 0.000000060

5 3 1 3 89 0.000000070

5 3 1 4 90 0.000000060

5 3 1 5 138 0.000000060

5 3 1 6 100 0.000000060

5 3 1 7 105 0.000000060

5 3 1 8 101 0.000000060

5 3 1 9 94 0.000000070

5 3 1 10 88 0.000000050

5 3 2 1 118 0.000000040

5 3 2 2 139 0.000000060

5 3 2 3 124 0.000000060

5 3 2 4 148 0.000000110

5 3 2 5 119 0.000000070

5 3 2 6 139 0.000000060

5 3 2 7 141 0.000000070

5 3 2 8 142 0.000000060

5 3 2 9 91 0.000000060

5 3 2 10 106 0.000000060

5 3 3 1 165 0.000000060

5 3 3 2 148 0.000000060

5 3 3 3 125 0.000000060

5 3 3 4 118 0.000000060

5 3 3 5 151 0.000000060

5 3 3 6 137 0.000000060

5 3 3 7 124 0.000000060

5 3 3 8 137 0.000000070

5 3 3 9 113 0.000000070

5 3 3 10 156 0.000000060

5 3 4 1 175 0.000000070

5 3 4 2 175 0.000000060

5 3 4 3 183 0.000000060

5 3 4 4 171 0.000000060

5 3 4 5 174 0.000000060

5 3 4 6 178 0.000000060

5 3 4 7 177 0.000000060

5 3 4 8 178 0.000000060

5 3 4 9 172 0.000000060

5 3 4 10 179 0.000000060

5 3 5 1 314 0.000000060

5 3 5 2 470 0.000000070

5 3 5 3 340 0.000000050

5 3 5 4 266 0.000000050

5 3 5 5 425 0.000000040

5 3 5 6 356 0.000000060

5 3 5 7 408 0.000000060

5 3 5 8 391 0.000000050

5 3 5 9 372 0.000000070

5 3 5 10 345 0.000000060

6 2 1 1 122 0.000000090

6 2 1 2 155 0.000000070

6 2 1 3 213 0.000000110

6 2 1 4 133 0.000000060

6 2 1 5 130 0.000000060

6 2 1 6 195 0.000000060

6 2 1 7 120 0.000000060

6 2 1 8 225 0.000000040

6 2 1 9 104 0.000000060

6 2 1 10 176 0.000000070

6 2 2 1 212 0.000000080

6 2 2 2 161 0.000000070

6 2 2 3 228 0.000000090

6 2 2 4 186 0.000000060

6 2 2 5 187 0.000000060

6 2 2 6 177 0.000000060

6 2 2 7 210 0.000000070

6 2 2 8 179 0.000000060

6 2 2 9 188 0.000000080

6 2 2 10 187 0.000000080

6 2 3 1 231 0.000000060

6 2 3 2 244 0.000000060

6 2 3 3 226 0.000000070

6 2 3 4 232 0.000000060

6 2 3 5 219 0.000000070

6 2 3 6 211 0.000000080

6 2 3 7 241 0.000000070

6 2 3 8 224 0.000000060

6 2 3 9 234 0.000000060

6 2 3 10 203 0.000000070

6 2 4 1 271 0.000000060

6 2 4 2 277 0.000000100

6 2 4 3 268 0.000000070

6 2 4 4 292 0.000000070

6 2 4 5 276 0.000000100

6 2 4 6 267 0.000000060

6 2 4 7 272 0.000000060

6 2 4 8 282 0.000000060

6 2 4 9 271 0.000000060

6 2 4 10 278 0.000000070

6 2 5 1 568 0.000000070

6 2 5 2 806 0.000000050

6 2 5 3 699 0.000000060

6 2 5 4 536 0.000000060

6 2 5 5 841 0.000000070

6 2 5 6 742 0.000000060

6 2 5 7 433 0.000000060

6 2 5 8 597 0.000000060

6 2 5 9 636 0.000000060

6 2 5 10 556 0.000000070

6 3 1 1 102 0.000000080

6 3 1 2 99 0.000000070

6 3 1 3 122 0.000000070

6 3 1 4 83 0.000000060

6 3 1 5 125 0.000000070

6 3 1 6 92 0.000000080

6 3 1 7 126 0.000000080

6 3 1 8 143 0.000000070

6 3 1 9 115 0.000000120

6 3 1 10 97 0.000000080

6 3 2 1 133 0.000000070

6 3 2 2 119 0.000000070

6 3 2 3 110 0.000000060

6 3 2 4 158 0.000000070

6 3 2 5 139 0.000000080

6 3 2 6 149 0.000000080

6 3 2 7 139 0.000000070

6 3 2 8 128 0.000000060

6 3 2 9 139 0.000000060

6 3 2 10 153 0.000000060

6 3 3 1 143 0.000000060

6 3 3 2 153 0.000000050

6 3 3 3 167 0.000000060

6 3 3 4 139 0.000000060

6 3 3 5 181 0.000000070

6 3 3 6 168 0.000000070

6 3 3 7 168 0.000000080

6 3 3 8 154 0.000000130

6 3 3 9 159 0.000000080

6 3 3 10 161 0.000000060

6 3 4 1 179 0.000000060

6 3 4 2 183 0.000000050

6 3 4 3 177 0.000000070

6 3 4 4 188 0.000000070

6 3 4 5 173 0.000000070

6 3 4 6 178 0.000000070

6 3 4 7 187 0.000000090

6 3 4 8 190 0.000000070

6 3 4 9 192 0.000000070

6 3 4 10 185 0.000000090

6 3 5 1 325 0.000000080

6 3 5 2 460 0.000000070

6 3 5 3 482 0.000000050

6 3 5 4 342 0.000000070

6 3 5 5 394 0.000000070

6 3 5 6 433 0.000000060

6 3 5 7 453 0.000000070

6 3 5 8 401 0.000000070

6 3 5 9 374 0.000000080

6 3 5 10 467 0.000000070

7 2 1 1 248 0.000000070

7 2 1 2 128 0.000000080

7 2 1 3 105 0.000000070

7 2 1 4 202 0.000000070

7 2 1 5 198 0.000000070

7 2 1 6 217 0.000000070

7 2 1 7 189 0.000000060

7 2 1 8 156 0.000000070

7 2 1 9 146 0.000000060

7 2 1 10 137 0.000000060

7 2 2 1 201 0.000000060

7 2 2 2 223 0.000000070

7 2 2 3 257 0.000000070

7 2 2 4 236 0.000000070

7 2 2 5 227 0.000000070

7 2 2 6 236 0.000000070

7 2 2 7 237 0.000000060

7 2 2 8 208 0.000000070

7 2 2 9 266 0.000000070

7 2 2 10 182 0.000000070

7 2 3 1 255 0.000000060

7 2 3 2 307 0.000000070

7 2 3 3 342 0.000000060

7 2 3 4 286 0.000000060

7 2 3 5 270 0.000000070

7 2 3 6 283 0.000000060

7 2 3 7 280 0.000000060

7 2 3 8 287 0.000000090

7 2 3 9 298 0.000000070

7 2 3 10 290 0.000000070

7 2 4 1 342 0.000000070

7 2 4 2 360 0.000000060

7 2 4 3 354 0.000000070

7 2 4 4 354 0.000000070

7 2 4 5 356 0.000000060

7 2 4 6 355 0.000000070

7 2 4 7 347 0.000000070

7 2 4 8 352 0.000000080

7 2 4 9 359 0.000000070

7 2 4 10 365 0.000000070

7 2 5 1 939 0.000000070

7 2 5 2 848 0.000000070

7 2 5 3 632 0.000000070

7 2 5 4 513 0.000000070

7 2 5 5 726 0.000000070

7 2 5 6 858 0.000000070

7 2 5 7 810 0.000000060

7 2 5 8 707 0.000000070

7 2 5 9 743 0.000000060

7 2 5 10 700 0.000000070

7 3 1 1 159 0.000000090

7 3 1 2 151 0.000000070

7 3 1 3 124 0.000000080

7 3 1 4 103 0.000000080

7 3 1 5 137 0.000000080

7 3 1 6 111 0.000000120

7 3 1 7 74 0.000000090

7 3 1 8 126 0.000000080

7 3 1 9 104 0.000000070

7 3 1 10 98 0.000000070

7 3 2 1 142 0.000000070

7 3 2 2 208 0.000000070

7 3 2 3 199 0.000000070

7 3 2 4 143 0.000000080

7 3 2 5 188 0.000000070

7 3 2 6 144 0.000000070

7 3 2 7 159 0.000000090

7 3 2 8 160 0.000000070

7 3 2 9 185 0.000000060

7 3 2 10 125 0.000000100

7 3 3 1 228 0.000000090

7 3 3 2 202 0.000000080

7 3 3 3 244 0.000000070

7 3 3 4 200 0.000000080

7 3 3 5 197 0.000000080

7 3 3 6 205 0.000000070

7 3 3 7 176 0.000000080

7 3 3 8 183 0.000000080

7 3 3 9 228 0.000000080

7 3 3 10 210 0.000000070

7 3 4 1 262 0.000000060

7 3 4 2 267 0.000000070

7 3 4 3 275 0.000000080

7 3 4 4 262 0.000000080

7 3 4 5 271 0.000000070

7 3 4 6 251 0.000000070

7 3 4 7 272 0.000000070

7 3 4 8 275 0.000000060

7 3 4 9 263 0.000000070

7 3 4 10 271 0.000000070

7 3 5 1 404 0.000000070

7 3 5 2 321 0.000000070

7 3 5 3 439 0.000000070

7 3 5 4 621 0.000000070

7 3 5 5 558 0.000000070

7 3 5 6 351 0.000000080

7 3 5 7 495 0.000000080

7 3 5 8 505 0.000000070

7 3 5 9 582 0.000000070

7 3 5 10 410 0.000000070

10 3 1 1 147 0.000000110

10 3 1 2 213 0.000000080

10 3 1 3 182 0.000000130

10 3 1 4 225 0.000000100

10 3 1 5 127 0.000000120

10 3 1 6 193 0.000000110

10 3 1 7 183 0.000000100

10 3 1 8 139 0.000000100

10 3 1 9 185 0.000000130

10 3 1 10 184 0.000000120

10 3 2 1 208 0.000000100

10 3 2 2 205 0.000000100

10 3 2 3 254 0.000000100

10 3 2 4 246 0.000000100

10 3 2 5 234 0.000000090

10 3 2 6 243 0.000000100

10 3 2 7 233 0.000000080

10 3 2 8 212 0.000000100

10 3 2 9 211 0.000000100

10 3 2 10 247 0.000000110

10 3 3 1 313 0.000000090

10 3 3 2 295 0.000000090

10 3 3 3 270 0.000000090

10 3 3 4 305 0.000000080

10 3 3 5 281 0.000000110

10 3 3 6 311 0.000000100

10 3 3 7 294 0.000000120

10 3 3 8 286 0.000000130

10 3 3 9 288 0.000000140

10 3 3 10 282 0.000000110

10 3 4 1 352 0.000000110

10 3 4 2 355 0.000000170

10 3 4 3 344 0.000000129

10 3 4 4 358 0.000000091

10 3 4 5 360 0.000000140

10 3 4 6 342 0.000000129

10 3 4 7 343 0.000000109

10 3 4 8 343 0.000000080

10 3 4 9 365 0.000000100

10 3 4 10 355 0.000000140

10 3 5 1 670 0.000000120

10 3 5 2 755 0.000000100

10 3 5 3 675 0.000000129

10 3 5 4 582 0.000000091

10 3 5 5 833 0.000000149

10 3 5 6 650 0.000000109

10 3 5 7 800 0.000000120

10 3 5 8 629 0.000000109

10 3 5 9 596 0.000000100

10 3 5 10 724 0.000000109

10 5 1 1 89 0.000000180

10 5 1 2 148 0.000000171

10 5 1 3 91 0.000000149

10 5 1 4 110 0.000000120

10 5 1 5 99 0.000000129

10 5 1 6 128 0.000000140

10 5 1 7 121 0.000000120

10 5 1 8 132 0.000000100

10 5 1 9 142 0.000000120

10 5 1 10 121 0.000000140

10 5 2 1 150 0.000000100

10 5 2 2 148 0.000000120

10 5 2 3 146 0.000000120

10 5 2 4 128 0.000000120

10 5 2 5 153 0.000000140

10 5 2 6 144 0.000000129

10 5 2 7 128 0.000000109

10 5 2 8 153 0.000000140

10 5 2 9 129 0.000000120

10 5 2 10 111 0.000000110

10 5 3 1 147 0.000000100

10 5 3 2 171 0.000000110

10 5 3 3 149 0.000000090

10 5 3 4 164 0.000000170

10 5 3 5 151 0.000000120

10 5 3 6 154 0.000000140

10 5 3 7 160 0.000000110

10 5 3 8 142 0.000000100

10 5 3 9 150 0.000000160

10 5 3 10 153 0.000000120

10 5 4 1 179 0.000000120

10 5 4 2 183 0.000000110

10 5 4 3 188 0.000000140

10 5 4 4 181 0.000000080

10 5 4 5 189 0.000000100

10 5 4 6 192 0.000000150

10 5 4 7 180 0.000000120

10 5 4 8 188 0.000000080

10 5 4 9 187 0.000000110

10 5 4 10 181 0.000000120

10 5 5 1 375 0.000000110

10 5 5 2 381 0.000000120

10 5 5 3 394 0.000000120

10 5 5 4 406 0.000000080

10 5 5 5 434 0.000000110

10 5 5 6 446 0.000000120

10 5 5 7 442 0.000000090

10 5 5 8 452 0.000000080

10 5 5 9 407 0.000000120

10 5 5 10 369 0.000000080

10 7 1 1 93 0.000000140

10 7 1 2 81 0.000000170

10 7 1 3 98 0.000000120

10 7 1 4 93 0.000000120

10 7 1 5 99 0.000000150

10 7 1 6 86 0.000000120

10 7 1 7 94 0.000000100

10 7 1 8 95 0.000000140

10 7 1 9 97 0.000000120

10 7 1 10 96 0.000000120

10 7 2 1 110 0.000000130

10 7 2 2 108 0.000000120

10 7 2 3 115 0.000000130

10 7 2 4 129 0.000000120

10 7 2 5 109 0.000000110

10 7 2 6 108 0.000000120

10 7 2 7 99 0.000000120

10 7 2 8 123 0.000000100

10 7 2 9 105 0.000000110

10 7 2 10 111 0.000000120

10 7 3 1 140 0.000000100

10 7 3 2 143 0.000000110

10 7 3 3 133 0.000000130

10 7 3 4 146 0.000000100

10 7 3 5 160 0.000000150

10 7 3 6 134 0.000000130

10 7 3 7 132 0.000000140

10 7 3 8 129 0.000000120

10 7 3 9 135 0.000000140

10 7 3 10 147 0.000000130

10 7 4 1 171 0.000000130

10 7 4 2 171 0.000000150

10 7 4 3 178 0.000000110

10 7 4 4 167 0.000000140

10 7 4 5 183 0.000000130

10 7 4 6 174 0.000000130

10 7 4 7 180 0.000000100

10 7 4 8 165 0.000000170

10 7 4 9 166 0.000000110

10 7 4 10 171 0.000000130

10 7 5 1 326 0.000000110

10 7 5 2 323 0.000000140

10 7 5 3 365 0.000000140

10 7 5 4 344 0.000000110

10 7 5 5 282 0.000000120

10 7 5 6 297 0.000000130

10 7 5 7 373 0.000000110

10 7 5 8 306 0.000000140

10 7 5 9 272 0.000000110

10 7 5 10 387 0.000000110

12 3 1 1 207 0.000000120

12 3 1 2 251 0.000000120

12 3 1 3 197 0.000000100

12 3 1 4 293 0.000000140

12 3 1 5 216 0.000000110

12 3 1 6 224 0.000000130

12 3 1 7 174 0.000000120

12 3 1 8 207 0.000000130

12 3 1 9 231 0.000000120

12 3 1 10 232 0.000000110

12 3 2 1 274 0.000000120

12 3 2 2 305 0.000000120

12 3 2 3 242 0.000000100

12 3 2 4 272 0.000000120

12 3 2 5 282 0.000000110

12 3 2 6 254 0.000000090

12 3 2 7 267 0.000000120

12 3 2 8 337 0.000000120

12 3 2 9 298 0.000000120

12 3 2 10 281 0.000000110

12 3 3 1 311 0.000000120

12 3 3 2 292 0.000000100

12 3 3 3 290 0.000000120

12 3 3 4 299 0.000000110

12 3 3 5 282 0.000000110

12 3 3 6 331 0.000000110

12 3 3 7 319 0.000000110

12 3 3 8 323 0.000000110

12 3 3 9 281 0.000000120

12 3 3 10 291 0.000000130

12 3 4 1 363 0.000000130

12 3 4 2 357 0.000000120

12 3 4 3 361 0.000000120

12 3 4 4 361 0.000000080

12 3 4 5 366 0.000000140

12 3 4 6 358 0.000000100

12 3 4 7 369 0.000000130

12 3 4 8 356 0.000000130

12 3 4 9 361 0.000000130

12 3 4 10 364 0.000000110

12 3 5 1 762 0.000000130

12 3 5 2 759 0.000000110

12 3 5 3 771 0.000000100

12 3 5 4 753 0.000000140

12 3 5 5 828 0.000000140

12 3 5 6 813 0.000000120

12 3 5 7 734 0.000000100

12 3 5 8 737 0.000000140

12 3 5 9 702 0.000000110

12 3 5 10 679 0.000000110

12 5 1 1 117 0.000000190

12 5 1 2 114 0.000000120

12 5 1 3 152 0.000000120

12 5 1 4 136 0.000000150

12 5 1 5 158 0.000000150

12 5 1 6 139 0.000000120

12 5 1 7 136 0.000000140

12 5 1 8 173 0.000000140

12 5 1 9 137 0.000000130

12 5 1 10 100 0.000000170

12 5 2 1 171 0.000000140

12 5 2 2 213 0.000000120

12 5 2 3 179 0.000000190

12 5 2 4 170 0.000000130

12 5 2 5 162 0.000000120

12 5 2 6 174 0.000000160

12 5 2 7 193 0.000000120

12 5 2 8 167 0.000000130

12 5 2 9 210 0.000000120

12 5 2 10 184 0.000000130

12 5 3 1 208 0.000000150

12 5 3 2 215 0.000000140

12 5 3 3 214 0.000000140

12 5 3 4 204 0.000000120

12 5 3 5 215 0.000000130

12 5 3 6 230 0.000000120

12 5 3 7 214 0.000000150

12 5 3 8 220 0.000000160

12 5 3 9 218 0.000000130

12 5 3 10 194 0.000000130

12 5 4 1 257 0.000000120

12 5 4 2 267 0.000000160

12 5 4 3 255 0.000000150

12 5 4 4 263 0.000000110

12 5 4 5 265 0.000000130

12 5 4 6 269 0.000000120

12 5 4 7 255 0.000000110

12 5 4 8 267 0.000000150

12 5 4 9 263 0.000000130

12 5 4 10 264 0.000000130

12 5 5 1 478 0.000000110

12 5 5 2 614 0.000000130

12 5 5 3 514 0.000000110

12 5 5 4 478 0.000000120

12 5 5 5 486 0.000000130

12 5 5 6 618 0.000000110

12 5 5 7 492 0.000000130

12 5 5 8 470 0.000000130

12 5 5 9 486 0.000000130

12 5 5 10 544 0.000000100

12 7 1 1 111 0.000000140

12 7 1 2 121 0.000000160

12 7 1 3 112 0.000000140

12 7 1 4 117 0.000000200

12 7 1 5 94 0.000000150

12 7 1 6 105 0.000000140

12 7 1 7 96 0.000000150

12 7 1 8 101 0.000000150

12 7 1 9 99 0.000000130

12 7 1 10 85 0.000000130

12 7 2 1 147 0.000000150

12 7 2 2 123 0.000000110

12 7 2 3 122 0.000000140

12 7 2 4 138 0.000000160

12 7 2 5 128 0.000000120

12 7 2 6 116 0.000000120

12 7 2 7 132 0.000000130

12 7 2 8 138 0.000000130

12 7 2 9 151 0.000000130

12 7 2 10 112 0.000000160

12 7 3 1 155 0.000000140

12 7 3 2 128 0.000000120

12 7 3 3 154 0.000000140

12 7 3 4 142 0.000000111

12 7 3 5 148 0.000000111

12 7 3 6 170 0.000000180

12 7 3 7 147 0.000000160

12 7 3 8 149 0.000000140

12 7 3 9 160 0.000000140

12 7 3 10 146 0.000000160

12 7 4 1 178 0.000000180

12 7 4 2 180 0.000000160

12 7 4 3 179 0.000000160

12 7 4 4 175 0.000000189

12 7 4 5 182 0.000000149

12 7 4 6 173 0.000000149

12 7 4 7 171 0.000000160

12 7 4 8 181 0.000000129

12 7 4 9 178 0.000000149

12 7 4 10 168 0.000000140

12 7 5 1 362 0.000000160

12 7 5 2 339 0.000000160

12 7 5 3 397 0.000000111

12 7 5 4 335 0.000000160

12 7 5 5 305 0.000000140

12 7 5 6 404 0.000000129

12 7 5 7 285 0.000000151

12 7 5 8 394 0.000000151

12 7 5 9 370 0.000000109

12 7 5 10 433 0.000000140

15 3 1 1 252 0.000000151

15 3 1 2 308 0.000000120

15 3 1 3 253 0.000000140

15 3 1 4 284 0.000000180

15 3 1 5 288 0.000000140

15 3 1 6 259 0.000000149

15 3 1 7 222 0.000000149

15 3 1 8 282 0.000000160

15 3 1 9 261 0.000000189

15 3 1 10 319 0.000000120

15 3 2 1 324 0.000000169

15 3 2 2 385 0.000000151

15 3 2 3 355 0.000000140

15 3 2 4 271 0.000000129

15 3 2 5 360 0.000000151

15 3 2 6 308 0.000000160

15 3 2 7 321 0.000000169

15 3 2 8 311 0.000000170

15 3 2 9 287 0.000000140

15 3 2 10 316 0.000000160

15 3 3 1 396 0.000000150

15 3 3 2 381 0.000000120

15 3 3 3 380 0.000000140

15 3 3 4 383 0.000000140

15 3 3 5 404 0.000000120

15 3 3 6 370 0.000000140

15 3 3 7 394 0.000000140

15 3 3 8 366 0.000000140

15 3 3 9 340 0.000000130

15 3 3 10 401 0.000000130

15 3 4 1 438 0.000000130

15 3 4 2 432 0.000000140

15 3 4 3 456 0.000000130

15 3 4 4 462 0.000000130

15 3 4 5 446 0.000000130

15 3 4 6 455 0.000000130

15 3 4 7 459 0.000000120

15 3 4 8 450 0.000000130

15 3 4 9 444 0.000000130

15 3 4 10 450 0.000000130

15 3 5 1 1073 0.000000140

15 3 5 2 978 0.000000130

15 3 5 3 921 0.000000130

15 3 5 4 949 0.000000130

15 3 5 5 982 0.000000130

15 3 5 6 984 0.000000130

15 3 5 7 1053 0.000000120

15 3 5 8 1066 0.000000120

15 3 5 9 896 0.000000130

15 3 5 10 856 0.000000130

15 5 1 1 161 0.000000190

15 5 1 2 146 0.000000140

15 5 1 3 180 0.000000150

15 5 1 4 174 0.000000210

15 5 1 5 182 0.000000160

15 5 1 6 173 0.000000170

15 5 1 7 168 0.000000160

15 5 1 8 157 0.000000150

15 5 1 9 126 0.000000180

15 5 1 10 177 0.000000130

15 5 2 1 192 0.000000130

15 5 2 2 207 0.000000180

15 5 2 3 196 0.000000140

15 5 2 4 228 0.000000140

15 5 2 5 179 0.000000150

15 5 2 6 202 0.000000120

15 5 2 7 194 0.000000140

15 5 2 8 225 0.000000160

15 5 2 9 188 0.000000140

15 5 2 10 197 0.000000150

15 5 3 1 220 0.000000150

15 5 3 2 229 0.000000150

15 5 3 3 240 0.000000170

15 5 3 4 223 0.000000180

15 5 3 5 253 0.000000150

15 5 3 6 217 0.000000140

15 5 3 7 239 0.000000170

15 5 3 8 226 0.000000130

15 5 3 9 215 0.000000150

15 5 3 10 220 0.000000150

15 5 4 1 275 0.000000150

15 5 4 2 269 0.000000140

15 5 4 3 273 0.000000160

15 5 4 4 274 0.000000170

15 5 4 5 268 0.000000150

15 5 4 6 279 0.000000150

15 5 4 7 275 0.000000170

15 5 4 8 267 0.000000130

15 5 4 9 284 0.000000140

15 5 4 10 272 0.000000160

15 5 5 1 600 0.000000160

15 5 5 2 579 0.000000150

15 5 5 3 551 0.000000170

15 5 5 4 524 0.000000170

15 5 5 5 579 0.000000150

15 5 5 6 570 0.000000150

15 5 5 7 509 0.000000190

15 5 5 8 523 0.000000180

15 5 5 9 623 0.000000140

15 5 5 10 612 0.000000150

15 7 1 1 118 0.000000260

15 7 1 2 138 0.000000190

15 7 1 3 89 0.000000170

15 7 1 4 120 0.000000160

15 7 1 5 94 0.000000190

15 7 1 6 105 0.000000180

15 7 1 7 100 0.000000170

15 7 1 8 134 0.000000210

15 7 1 9 133 0.000000160

15 7 1 10 120 0.000000160

15 7 2 1 167 0.000000190

15 7 2 2 175 0.000000170

15 7 2 3 161 0.000000150

15 7 2 4 135 0.000000200

15 7 2 5 151 0.000000170

15 7 2 6 145 0.000000180

15 7 2 7 164 0.000000200

15 7 2 8 143 0.000000170

15 7 2 9 160 0.000000190

15 7 2 10 143 0.000000210

15 7 3 1 189 0.000000160

15 7 3 2 217 0.000000160

15 7 3 3 178 0.000000220

15 7 3 4 191 0.000000180

15 7 3 5 189 0.000000180

15 7 3 6 193 0.000000200

15 7 3 7 207 0.000000160

15 7 3 8 192 0.000000170

15 7 3 9 202 0.000000190

15 7 3 10 194 0.000000180

15 7 4 1 252 0.000000200

15 7 4 2 252 0.000000180

15 7 4 3 258 0.000000160

15 7 4 4 253 0.000000200

15 7 4 5 258 0.000000180

15 7 4 6 262 0.000000170

15 7 4 7 262 0.000000180

15 7 4 8 264 0.000000190

15 7 4 9 257 0.000000160

15 7 4 10 260 0.000000160

15 7 5 1 429 0.000000200

15 7 5 2 565 0.000000170

15 7 5 3 481 0.000000180

15 7 5 4 370 0.000000210

15 7 5 5 520 0.000000170

15 7 5 6 468 0.000000190

15 7 5 7 410 0.000000210

15 7 5 8 488 0.000000160

15 7 5 9 434 0.000000170

15 7 5 10 407 0.000000190

