5 2 1 1 158 0.000000060

5 2 1 2 151 0.000000060

5 2 1 3 170 0.000000060

5 2 1 4 153 0.000000060

5 2 1 5 164 0.000000051

5 2 1 6 213 0.000000060

5 2 1 7 212 0.000000049

5 2 1 8 118 0.000000040

5 2 1 9 169 0.000000040

5 2 1 10 184 0.000000040

5 2 2 1 184 0.000000051

5 2 2 2 211 0.000000060

5 2 2 3 194 0.000000051

5 2 2 4 177 0.000000049

5 2 2 5 207 0.000000040

5 2 2 6 262 0.000000060

5 2 2 7 177 0.000000060

5 2 2 8 231 0.000000040

5 2 2 9 190 0.000000040

5 2 2 10 206 0.000000040

5 2 3 1 237 0.000000060

5 2 3 2 242 0.000000051

5 2 3 3 204 0.000000040

5 2 3 4 222 0.000000040

5 2 3 5 227 0.000000040

5 2 3 6 259 0.000000040

5 2 3 7 228 0.000000051

5 2 3 8 241 0.000000040

5 2 3 9 235 0.000000051

5 2 3 10 222 0.000000060

5 2 4 1 284 0.000000040

5 2 4 2 253 0.000000040

5 2 4 3 268 0.000000049

5 2 4 4 273 0.000000060

5 2 4 5 269 0.000000051

5 2 4 6 277 0.000000060

5 2 4 7 275 0.000000040

5 2 4 8 278 0.000000060

5 2 4 9 280 0.000000051

5 2 4 10 273 0.000000060

5 2 5 1 576 0.000000060

5 2 5 2 593 0.000000060

5 2 5 3 472 0.000000051

5 2 5 4 526 0.000000060

5 2 5 5 640 0.000000060

5 2 5 6 580 0.000000060

5 2 5 7 566 0.000000049

5 2 5 8 515 0.000000060

5 2 5 9 696 0.000000040

5 2 5 10 627 0.000000051

5 3 1 1 111 0.000000080

5 3 1 2 133 0.000000060

5 3 1 3 118 0.000000049

5 3 1 4 106 0.000000049

5 3 1 5 154 0.000000060

5 3 1 6 114 0.000000049

5 3 1 7 131 0.000000060

5 3 1 8 124 0.000000040

5 3 1 9 117 0.000000069

5 3 1 10 100 0.000000060

5 3 2 1 147 0.000000040

5 3 2 2 141 0.000000069

5 3 2 3 141 0.000000070

5 3 2 4 164 0.000000060

5 3 2 5 129 0.000000050

5 3 2 6 165 0.000000050

5 3 2 7 167 0.000000050

5 3 2 8 152 0.000000040

5 3 2 9 121 0.000000060

5 3 2 10 126 0.000000040

5 3 3 1 177 0.000000060

5 3 3 2 170 0.000000050

5 3 3 3 151 0.000000050

5 3 3 4 155 0.000000060

5 3 3 5 165 0.000000040

5 3 3 6 155 0.000000040

5 3 3 7 151 0.000000050

5 3 3 8 150 0.000000040

5 3 3 9 138 0.000000050

5 3 3 10 167 0.000000090

5 3 4 1 183 0.000000070

5 3 4 2 178 0.000000060

5 3 4 3 185 0.000000060

5 3 4 4 183 0.000000060

5 3 4 5 178 0.000000040

5 3 4 6 179 0.000000060

5 3 4 7 179 0.000000060

5 3 4 8 186 0.000000040

5 3 4 9 176 0.000000050

5 3 4 10 186 0.000000050

5 3 5 1 339 0.000000040

5 3 5 2 500 0.000000040

5 3 5 3 412 0.000000040

5 3 5 4 301 0.000000040

5 3 5 5 436 0.000000050

5 3 5 6 420 0.000000060

5 3 5 7 475 0.000000080

5 3 5 8 452 0.000000060

5 3 5 9 454 0.000000040

5 3 5 10 378 0.000000190

6 2 1 1 125 0.000000090

6 2 1 2 157 0.000000070

6 2 1 3 214 0.000000070

6 2 1 4 165 0.000000060

6 2 1 5 158 0.000000050

6 2 1 6 209 0.000000060

6 2 1 7 118 0.000000060

6 2 1 8 238 0.000000080

6 2 1 9 104 0.000000060

6 2 1 10 172 0.000000070

6 2 2 1 212 0.000000060

6 2 2 2 148 0.000000090

6 2 2 3 226 0.000000050

6 2 2 4 201 0.000000080

6 2 2 5 192 0.000000070

6 2 2 6 176 0.000000070

6 2 2 7 225 0.000000090

6 2 2 8 189 0.000000050

6 2 2 9 197 0.000000070

6 2 2 10 209 0.000000060

6 2 3 1 228 0.000000110

6 2 3 2 244 0.000000080

6 2 3 3 234 0.000000070

6 2 3 4 234 0.000000050

6 2 3 5 219 0.000000070

6 2 3 6 212 0.000000100

6 2 3 7 252 0.000000080

6 2 3 8 225 0.000000120

6 2 3 9 240 0.000000080

6 2 3 10 203 0.000000070

6 2 4 1 273 0.000000090

6 2 4 2 279 0.000000080

6 2 4 3 268 0.000000070

6 2 4 4 292 0.000000080

6 2 4 5 276 0.000000090

6 2 4 6 269 0.000000080

6 2 4 7 273 0.000000080

6 2 4 8 283 0.000000080

6 2 4 9 272 0.000000070

6 2 4 10 279 0.000000070

6 2 5 1 571 0.000000100

6 2 5 2 800 0.000000060

6 2 5 3 712 0.000000080

6 2 5 4 484 0.000000080

6 2 5 5 841 0.000000080

6 2 5 6 731 0.000000080

6 2 5 7 466 0.000000080

6 2 5 8 576 0.000000090

6 2 5 9 636 0.000000080

6 2 5 10 575 0.000000090

6 3 1 1 116 0.000000100

6 3 1 2 121 0.000000090

6 3 1 3 141 0.000000100

6 3 1 4 107 0.000000070

6 3 1 5 142 0.000000100

6 3 1 6 96 0.000000080

6 3 1 7 126 0.000000100

6 3 1 8 144 0.000000060

6 3 1 9 135 0.000000080

6 3 1 10 111 0.000000090

6 3 2 1 139 0.000000110

6 3 2 2 139 0.000000090

6 3 2 3 125 0.000000090

6 3 2 4 172 0.000000080

6 3 2 5 160 0.000000110

6 3 2 6 150 0.000000080

6 3 2 7 154 0.000000090

6 3 2 8 150 0.000000080

6 3 2 9 146 0.000000080

6 3 2 10 171 0.000000080

6 3 3 1 145 0.000000120

6 3 3 2 159 0.000000080

6 3 3 3 168 0.000000090

6 3 3 4 142 0.000000060

6 3 3 5 181 0.000000090

6 3 3 6 181 0.000000070

6 3 3 7 175 0.000000110

6 3 3 8 147 0.000000060

6 3 3 9 161 0.000000070

6 3 3 10 174 0.000000100

6 3 4 1 180 0.000000110

6 3 4 2 184 0.000000080

6 3 4 3 177 0.000000110

6 3 4 4 190 0.000000080

6 3 4 5 174 0.000000100

6 3 4 6 178 0.000000100

6 3 4 7 191 0.000000110

6 3 4 8 191 0.000000120

6 3 4 9 192 0.000000100

6 3 4 10 189 0.000000100

6 3 5 1 346 0.000000090

6 3 5 2 469 0.000000080

6 3 5 3 482 0.000000080

6 3 5 4 370 0.000000070

6 3 5 5 391 0.000000080

6 3 5 6 439 0.000000100

6 3 5 7 505 0.000000110

6 3 5 8 443 0.000000080

6 3 5 9 374 0.000000090

6 3 5 10 473 0.000000090

7 2 1 1 272 0.000000090

7 2 1 2 158 0.000000080

7 2 1 3 105 0.000000080

7 2 1 4 197 0.000000080

7 2 1 5 215 0.000000080

7 2 1 6 215 0.000000090

7 2 1 7 222 0.000000080

7 2 1 8 172 0.000000090

7 2 1 9 165 0.000000100

7 2 1 10 139 0.000000100

7 2 2 1 221 0.000000080

7 2 2 2 212 0.000000080

7 2 2 3 279 0.000000090

7 2 2 4 242 0.000000090

7 2 2 5 234 0.000000060

7 2 2 6 231 0.000000080

7 2 2 7 251 0.000000100

7 2 2 8 236 0.000000090

7 2 2 9 289 0.000000080

7 2 2 10 193 0.000000090

7 2 3 1 248 0.000000060

7 2 3 2 313 0.000000070

7 2 3 3 346 0.000000060

7 2 3 4 289 0.000000070

7 2 3 5 279 0.000000060

7 2 3 6 292 0.000000070

7 2 3 7 280 0.000000070

7 2 3 8 289 0.000000070

7 2 3 9 296 0.000000060

7 2 3 10 285 0.000000060

7 2 4 1 342 0.000000070

7 2 4 2 360 0.000000060

7 2 4 3 360 0.000000070

7 2 4 4 356 0.000000070

7 2 4 5 351 0.000000070

7 2 4 6 361 0.000000060

7 2 4 7 351 0.000000070

7 2 4 8 356 0.000000070

7 2 4 9 371 0.000000060

7 2 4 10 369 0.000000060

7 2 5 1 945 0.000000070

7 2 5 2 848 0.000000070

7 2 5 3 677 0.000000060

7 2 5 4 620 0.000000060

7 2 5 5 726 0.000000060

7 2 5 6 915 0.000000070

7 2 5 7 850 0.000000060

7 2 5 8 724 0.000000080

7 2 5 9 798 0.000000060

7 2 5 10 700 0.000000120

7 3 1 1 170 0.000000120

7 3 1 2 158 0.000000090

7 3 1 3 124 0.000000070

7 3 1 4 107 0.000000100

7 3 1 5 150 0.000000080

7 3 1 6 141 0.000000090

7 3 1 7 89 0.000000090

7 3 1 8 151 0.000000090

7 3 1 9 136 0.000000080

7 3 1 10 110 0.000000070

7 3 2 1 142 0.000000070

7 3 2 2 211 0.000000090

7 3 2 3 223 0.000000080

7 3 2 4 146 0.000000100

7 3 2 5 174 0.000000070

7 3 2 6 140 0.000000080

7 3 2 7 183 0.000000070

7 3 2 8 196 0.000000060

7 3 2 9 215 0.000000070

7 3 2 10 126 0.000000090

7 3 3 1 228 0.000000080

7 3 3 2 204 0.000000090

7 3 3 3 249 0.000000070

7 3 3 4 215 0.000000070

7 3 3 5 198 0.000000070

7 3 3 6 215 0.000000070

7 3 3 7 174 0.000000080

7 3 3 8 194 0.000000070

7 3 3 9 223 0.000000070

7 3 3 10 231 0.000000070

7 3 4 1 274 0.000000070

7 3 4 2 268 0.000000070

7 3 4 3 273 0.000000080

7 3 4 4 273 0.000000080

7 3 4 5 274 0.000000070

7 3 4 6 256 0.000000060

7 3 4 7 280 0.000000070

7 3 4 8 279 0.000000070

7 3 4 9 261 0.000000070

7 3 4 10 280 0.000000070

7 3 5 1 399 0.000000100

7 3 5 2 291 0.000000120

7 3 5 3 444 0.000000080

7 3 5 4 614 0.000000080

7 3 5 5 558 0.000000100

7 3 5 6 366 0.000000070

7 3 5 7 518 0.000000090

7 3 5 8 594 0.000000100

7 3 5 9 582 0.000000100

7 3 5 10 447 0.000000080

10 3 1 1 150 0.000000110

10 3 1 2 208 0.000000110

10 3 1 3 211 0.000000090

10 3 1 4 243 0.000000110

10 3 1 5 165 0.000000130

10 3 1 6 214 0.000000110

10 3 1 7 210 0.000000110

10 3 1 8 148 0.000000110

10 3 1 9 213 0.000000090

10 3 1 10 206 0.000000110

10 3 2 1 202 0.000000090

10 3 2 2 236 0.000000080

10 3 2 3 266 0.000000100

10 3 2 4 256 0.000000080

10 3 2 5 226 0.000000080

10 3 2 6 242 0.000000080

10 3 2 7 260 0.000000080

10 3 2 8 219 0.000000110

10 3 2 9 217 0.000000120

10 3 2 10 275 0.000000100

10 3 3 1 333 0.000000080

10 3 3 2 308 0.000000110

10 3 3 3 282 0.000000090

10 3 3 4 309 0.000000100

10 3 3 5 278 0.000000080

10 3 3 6 317 0.000000090

10 3 3 7 290 0.000000110

10 3 3 8 326 0.000000090

10 3 3 9 292 0.000000080

10 3 3 10 270 0.000000080

10 3 4 1 355 0.000000080

10 3 4 2 358 0.000000080

10 3 4 3 341 0.000000100

10 3 4 4 350 0.000000080

10 3 4 5 358 0.000000100

10 3 4 6 356 0.000000110

10 3 4 7 354 0.000000110

10 3 4 8 346 0.000000110

10 3 4 9 361 0.000000100

10 3 4 10 354 0.000000080

10 3 5 1 654 0.000000090

10 3 5 2 781 0.000000080

10 3 5 3 724 0.000000100

10 3 5 4 596 0.000000090

10 3 5 5 872 0.000000100

10 3 5 6 676 0.000000100

10 3 5 7 757 0.000000100

10 3 5 8 608 0.000000100

10 3 5 9 600 0.000000080

10 3 5 10 740 0.000000080

10 5 1 1 96 0.000000130

10 5 1 2 162 0.000000120

10 5 1 3 126 0.000000110

10 5 1 4 136 0.000000100

10 5 1 5 117 0.000000100

10 5 1 6 132 0.000000100

10 5 1 7 141 0.000000120

10 5 1 8 142 0.000000150

10 5 1 9 163 0.000000110

10 5 1 10 137 0.000000110

10 5 2 1 153 0.000000110

10 5 2 2 167 0.000000090

10 5 2 3 158 0.000000100

10 5 2 4 141 0.000000080

10 5 2 5 152 0.000000090

10 5 2 6 159 0.000000080

10 5 2 7 151 0.000000100

10 5 2 8 155 0.000000100

10 5 2 9 143 0.000000090

10 5 2 10 120 0.000000080

10 5 3 1 160 0.000000100

10 5 3 2 179 0.000000090

10 5 3 3 154 0.000000100

10 5 3 4 179 0.000000100

10 5 3 5 166 0.000000090

10 5 3 6 164 0.000000070

10 5 3 7 160 0.000000130

10 5 3 8 155 0.000000100

10 5 3 9 160 0.000000110

10 5 3 10 170 0.000000110

10 5 4 1 186 0.000000080

10 5 4 2 186 0.000000091

10 5 4 3 188 0.000000089

10 5 4 4 182 0.000000100

10 5 4 5 191 0.000000091

10 5 4 6 193 0.000000100

10 5 4 7 185 0.000000100

10 5 4 8 192 0.000000089

10 5 4 9 190 0.000000080

10 5 4 10 183 0.000000089

10 5 5 1 406 0.000000091

10 5 5 2 418 0.000000080

10 5 5 3 415 0.000000080

10 5 5 4 487 0.000000080

10 5 5 5 499 0.000000100

10 5 5 6 489 0.000000100

10 5 5 7 461 0.000000080

10 5 5 8 485 0.000000091

10 5 5 9 484 0.000000089

10 5 5 10 436 0.000000080

10 7 1 1 115 0.000000180

10 7 1 2 96 0.000000151

10 7 1 3 119 0.000000140

10 7 1 4 121 0.000000120

10 7 1 5 121 0.000000129

10 7 1 6 97 0.000000109

10 7 1 7 117 0.000000109

10 7 1 8 101 0.000000109

10 7 1 9 130 0.000000109

10 7 1 10 119 0.000000100

10 7 2 1 132 0.000000129

10 7 2 2 142 0.000000129

10 7 2 3 141 0.000000140

10 7 2 4 148 0.000000111

10 7 2 5 148 0.000000129

10 7 2 6 135 0.000000140

10 7 2 7 132 0.000000100

10 7 2 8 153 0.000000131

10 7 2 9 141 0.000000151

10 7 2 10 146 0.000000131

10 7 3 1 165 0.000000111

10 7 3 2 155 0.000000109

10 7 3 3 154 0.000000120

10 7 3 4 156 0.000000149

10 7 3 5 175 0.000000151

10 7 3 6 153 0.000000140

10 7 3 7 145 0.000000140

10 7 3 8 154 0.000000160

10 7 3 9 153 0.000000149

10 7 3 10 154 0.000000151

10 7 4 1 183 0.000000129

10 7 4 2 178 0.000000140

10 7 4 3 183 0.000000151

10 7 4 4 179 0.000000131

10 7 4 5 187 0.000000151

10 7 4 6 181 0.000000100

10 7 4 7 183 0.000000109

10 7 4 8 174 0.000000129

10 7 4 9 175 0.000000160

10 7 4 10 180 0.000000149

10 7 5 1 379 0.000000149

10 7 5 2 390 0.000000169

10 7 5 3 404 0.000000140

10 7 5 4 443 0.000000120

10 7 5 5 373 0.000000140

10 7 5 6 388 0.000000100

10 7 5 7 437 0.000000111

10 7 5 8 414 0.000000120

10 7 5 9 362 0.000000149

10 7 5 10 472 0.000000140

12 3 1 1 212 0.000000100

12 3 1 2 275 0.000000140

12 3 1 3 202 0.000000111

12 3 1 4 301 0.000000100

12 3 1 5 245 0.000000100

12 3 1 6 231 0.000000100

12 3 1 7 202 0.000000129

12 3 1 8 228 0.000000120

12 3 1 9 242 0.000000109

12 3 1 10 236 0.000000089

12 3 2 1 285 0.000000109

12 3 2 2 312 0.000000120

12 3 2 3 260 0.000000089

12 3 2 4 280 0.000000109

12 3 2 5 275 0.000000100

12 3 2 6 267 0.000000130

12 3 2 7 262 0.000000130

12 3 2 8 342 0.000000110

12 3 2 9 305 0.000000090

12 3 2 10 288 0.000000120

12 3 3 1 319 0.000000090

12 3 3 2 300 0.000000110

12 3 3 3 300 0.000000080

12 3 3 4 312 0.000000100

12 3 3 5 298 0.000000110

12 3 3 6 335 0.000000110

12 3 3 7 328 0.000000090

12 3 3 8 327 0.000000120

12 3 3 9 287 0.000000190

12 3 3 10 303 0.000000150

12 3 4 1 362 0.000000110

12 3 4 2 363 0.000000150

12 3 4 3 365 0.000000120

12 3 4 4 364 0.000000140

12 3 4 5 370 0.000000120

12 3 4 6 361 0.000000110

12 3 4 7 374 0.000000100

12 3 4 8 356 0.000000110

12 3 4 9 363 0.000000090

12 3 4 10 365 0.000000150

12 3 5 1 803 0.000000120

12 3 5 2 781 0.000000110

12 3 5 3 771 0.000000090

12 3 5 4 805 0.000000120

12 3 5 5 857 0.000000090

12 3 5 6 897 0.000000100

12 3 5 7 789 0.000000110

12 3 5 8 808 0.000000140

12 3 5 9 734 0.000000110

12 3 5 10 703 0.000000100

12 5 1 1 139 0.000000140

12 5 1 2 146 0.000000150

12 5 1 3 177 0.000000130

12 5 1 4 166 0.000000120

12 5 1 5 197 0.000000120

12 5 1 6 159 0.000000140

12 5 1 7 152 0.000000120

12 5 1 8 185 0.000000120

12 5 1 9 150 0.000000130

12 5 1 10 136 0.000000140

12 5 2 1 194 0.000000120

12 5 2 2 217 0.000000110

12 5 2 3 201 0.000000150

12 5 2 4 199 0.000000140

12 5 2 5 186 0.000000140

12 5 2 6 194 0.000000130

12 5 2 7 223 0.000000130

12 5 2 8 199 0.000000120

12 5 2 9 226 0.000000120

12 5 2 10 209 0.000000110

12 5 3 1 224 0.000000120

12 5 3 2 223 0.000000120

12 5 3 3 230 0.000000120

12 5 3 4 221 0.000000120

12 5 3 5 233 0.000000150

12 5 3 6 231 0.000000100

12 5 3 7 227 0.000000130

12 5 3 8 239 0.000000120

12 5 3 9 230 0.000000120

12 5 3 10 197 0.000000100

12 5 4 1 266 0.000000120

12 5 4 2 279 0.000000120

12 5 4 3 270 0.000000130

12 5 4 4 271 0.000000110

12 5 4 5 269 0.000000110

12 5 4 6 277 0.000000110

12 5 4 7 264 0.000000120

12 5 4 8 270 0.000000110

12 5 4 9 269 0.000000110

12 5 4 10 271 0.000000120

12 5 5 1 580 0.000000120

12 5 5 2 661 0.000000130

12 5 5 3 593 0.000000130

12 5 5 4 542 0.000000120

12 5 5 5 535 0.000000120

12 5 5 6 670 0.000000120

12 5 5 7 558 0.000000120

12 5 5 8 528 0.000000120

12 5 5 9 597 0.000000120

12 5 5 10 579 0.000000170

12 7 1 1 132 0.000000210

12 7 1 2 147 0.000000160

12 7 1 3 138 0.000000160

12 7 1 4 148 0.000000140

12 7 1 5 121 0.000000150

12 7 1 6 125 0.000000120

12 7 1 7 128 0.000000140

12 7 1 8 138 0.000000140

12 7 1 9 133 0.000000120

12 7 1 10 104 0.000000150

12 7 2 1 162 0.000000130

12 7 2 2 157 0.000000120

12 7 2 3 143 0.000000160

12 7 2 4 160 0.000000130

12 7 2 5 147 0.000000140

12 7 2 6 134 0.000000170

12 7 2 7 137 0.000000160

12 7 2 8 161 0.000000140

12 7 2 9 161 0.000000160

12 7 2 10 132 0.000000120

12 7 3 1 170 0.000000150

12 7 3 2 157 0.000000120

12 7 3 3 161 0.000000120

12 7 3 4 165 0.000000150

12 7 3 5 165 0.000000160

12 7 3 6 179 0.000000150

12 7 3 7 153 0.000000150

12 7 3 8 160 0.000000190

12 7 3 9 179 0.000000170

12 7 3 10 164 0.000000140

12 7 4 1 183 0.000000150

12 7 4 2 186 0.000000150

12 7 4 3 185 0.000000150

12 7 4 4 181 0.000000150

12 7 4 5 189 0.000000130

12 7 4 6 182 0.000000120

12 7 4 7 180 0.000000170

12 7 4 8 187 0.000000120

12 7 4 9 187 0.000000170

12 7 4 10 180 0.000000170

12 7 5 1 438 0.000000150

12 7 5 2 433 0.000000120

12 7 5 3 461 0.000000150

12 7 5 4 413 0.000000120

12 7 5 5 373 0.000000180

12 7 5 6 475 0.000000150

12 7 5 7 403 0.000000180

12 7 5 8 427 0.000000150

12 7 5 9 472 0.000000120

12 7 5 10 473 0.000000110

15 3 1 1 271 0.000000140

15 3 1 2 319 0.000000160

15 3 1 3 262 0.000000140

15 3 1 4 295 0.000000130

15 3 1 5 313 0.000000140

15 3 1 6 260 0.000000130

15 3 1 7 233 0.000000120

15 3 1 8 298 0.000000120

15 3 1 9 274 0.000000140

15 3 1 10 325 0.000000170

15 3 2 1 329 0.000000170

15 3 2 2 383 0.000000140

15 3 2 3 375 0.000000140

15 3 2 4 285 0.000000120

15 3 2 5 366 0.000000110

15 3 2 6 313 0.000000170

15 3 2 7 342 0.000000160

15 3 2 8 330 0.000000140

15 3 2 9 304 0.000000140

15 3 2 10 329 0.000000110

15 3 3 1 394 0.000000150

15 3 3 2 394 0.000000140

15 3 3 3 387 0.000000170

15 3 3 4 392 0.000000140

15 3 3 5 409 0.000000120

15 3 3 6 375 0.000000150

15 3 3 7 407 0.000000170

15 3 3 8 380 0.000000140

15 3 3 9 343 0.000000180

15 3 3 10 411 0.000000130

15 3 4 1 439 0.000000140

15 3 4 2 430 0.000000150

15 3 4 3 458 0.000000130

15 3 4 4 465 0.000000130

15 3 4 5 451 0.000000120

15 3 4 6 456 0.000000190

15 3 4 7 466 0.000000170

15 3 4 8 452 0.000000120

15 3 4 9 448 0.000000120

15 3 4 10 451 0.000000120

15 3 5 1 1076 0.000000140

15 3 5 2 1006 0.000000130

15 3 5 3 960 0.000000180

15 3 5 4 928 0.000000160

15 3 5 5 970 0.000000170

15 3 5 6 1047 0.000000170

15 3 5 7 1041 0.000000170

15 3 5 8 1126 0.000000160

15 3 5 9 930 0.000000170

15 3 5 10 908 0.000000180

15 5 1 1 191 0.000000180

15 5 1 2 177 0.000000160

15 5 1 3 192 0.000000170

15 5 1 4 188 0.000000200

15 5 1 5 204 0.000000160

15 5 1 6 208 0.000000140

15 5 1 7 196 0.000000130

15 5 1 8 182 0.000000150

15 5 1 9 137 0.000000180

15 5 1 10 184 0.000000140

15 5 2 1 216 0.000000160

15 5 2 2 230 0.000000170

15 5 2 3 207 0.000000150

15 5 2 4 232 0.000000150

15 5 2 5 187 0.000000150

15 5 2 6 220 0.000000140

15 5 2 7 205 0.000000120

15 5 2 8 234 0.000000190

15 5 2 9 207 0.000000160

15 5 2 10 215 0.000000140

15 5 3 1 232 0.000000150

15 5 3 2 236 0.000000140

15 5 3 3 250 0.000000140

15 5 3 4 232 0.000000190

15 5 3 5 255 0.000000140

15 5 3 6 226 0.000000140

15 5 3 7 257 0.000000130

15 5 3 8 243 0.000000130

15 5 3 9 229 0.000000130

15 5 3 10 233 0.000000140

15 5 4 1 276 0.000000140

15 5 4 2 272 0.000000140

15 5 4 3 280 0.000000160

15 5 4 4 276 0.000000150

15 5 4 5 272 0.000000140

15 5 4 6 282 0.000000140

15 5 4 7 278 0.000000140

15 5 4 8 268 0.000000140

15 5 4 9 285 0.000000130

15 5 4 10 278 0.000000130

15 5 5 1 652 0.000000180

15 5 5 2 661 0.000000170

15 5 5 3 612 0.000000140

15 5 5 4 570 0.000000130

15 5 5 5 642 0.000000150

15 5 5 6 634 0.000000130

15 5 5 7 533 0.000000130

15 5 5 8 582 0.000000130

15 5 5 9 679 0.000000130

15 5 5 10 655 0.000000130

15 7 1 1 138 0.000000170

15 7 1 2 149 0.000000160

15 7 1 3 112 0.000000170

15 7 1 4 146 0.000000160

15 7 1 5 123 0.000000160

15 7 1 6 125 0.000000200

15 7 1 7 127 0.000000160

15 7 1 8 158 0.000000160

15 7 1 9 153 0.000000160

15 7 1 10 142 0.000000140

15 7 2 1 182 0.000000140

15 7 2 2 218 0.000000160

15 7 2 3 182 0.000000140

15 7 2 4 166 0.000000170

15 7 2 5 179 0.000000180

15 7 2 6 145 0.000000140

15 7 2 7 184 0.000000220

15 7 2 8 179 0.000000200

15 7 2 9 202 0.000000200

15 7 2 10 187 0.000000150

15 7 3 1 192 0.000000220

15 7 3 2 216 0.000000200

15 7 3 3 180 0.000000150

15 7 3 4 218 0.000000170

15 7 3 5 211 0.000000160

15 7 3 6 202 0.000000170

15 7 3 7 221 0.000000140

15 7 3 8 221 0.000000160

15 7 3 9 222 0.000000140

15 7 3 10 198 0.000000170

15 7 4 1 260 0.000000150

15 7 4 2 257 0.000000170

15 7 4 3 260 0.000000160

15 7 4 4 248 0.000000150

15 7 4 5 257 0.000000170

15 7 4 6 270 0.000000140

15 7 4 7 263 0.000000140

15 7 4 8 272 0.000000140

15 7 4 9 253 0.000000170

15 7 4 10 264 0.000000210

15 7 5 1 479 0.000000190

15 7 5 2 529 0.000000160

15 7 5 3 496 0.000000140

15 7 5 4 422 0.000000160

15 7 5 5 527 0.000000140

15 7 5 6 568 0.000000140

15 7 5 7 438 0.000000140

15 7 5 8 518 0.000000180

15 7 5 9 506 0.000000140

15 7 5 10 494 0.000000160

