5 2 1 1 139 0.000000120

5 2 1 2 143 0.000000050

5 2 1 3 164 0.000000120

5 2 1 4 142 0.000000080

5 2 1 5 145 0.000000070

5 2 1 6 183 0.000000060

5 2 1 7 173 0.000000070

5 2 1 8 116 0.000000050

5 2 1 9 161 0.000000080

5 2 1 10 171 0.000000060

5 2 2 1 176 0.000000070

5 2 2 2 207 0.000000070

5 2 2 3 154 0.000000070

5 2 2 4 167 0.000000070

5 2 2 5 186 0.000000070

5 2 2 6 252 0.000000070

5 2 2 7 167 0.000000060

5 2 2 8 228 0.000000070

5 2 2 9 188 0.000000060

5 2 2 10 176 0.000000110

5 2 3 1 236 0.000000070

5 2 3 2 230 0.000000070

5 2 3 3 185 0.000000070

5 2 3 4 201 0.000000070

5 2 3 5 216 0.000000070

5 2 3 6 254 0.000000080

5 2 3 7 227 0.000000050

5 2 3 8 224 0.000000060

5 2 3 9 233 0.000000070

5 2 3 10 211 0.000000060

5 2 4 1 276 0.000000060

5 2 4 2 250 0.000000050

5 2 4 3 258 0.000000090

5 2 4 4 266 0.000000060

5 2 4 5 262 0.000000080

5 2 4 6 270 0.000000060

5 2 4 7 275 0.000000070

5 2 4 8 274 0.000000090

5 2 4 9 272 0.000000060

5 2 4 10 270 0.000000070

5 2 5 1 488 0.000000050

5 2 5 2 503 0.000000050

5 2 5 3 444 0.000000080

5 2 5 4 493 0.000000070

5 2 5 5 588 0.000000060

5 2 5 6 532 0.000000070

5 2 5 7 536 0.000000060

5 2 5 8 487 0.000000060

5 2 5 9 672 0.000000040

5 2 5 10 627 0.000000070

5 3 1 1 96 0.000000110

5 3 1 2 112 0.000000100

5 3 1 3 89 0.000000060

5 3 1 4 90 0.000000080

5 3 1 5 154 0.000000080

5 3 1 6 105 0.000000090

5 3 1 7 107 0.000000060

5 3 1 8 107 0.000000080

5 3 1 9 106 0.000000080

5 3 1 10 88 0.000000080

5 3 2 1 118 0.000000050

5 3 2 2 141 0.000000070

5 3 2 3 141 0.000000090

5 3 2 4 140 0.000000080

5 3 2 5 123 0.000000070

5 3 2 6 145 0.000000060

5 3 2 7 162 0.000000070

5 3 2 8 145 0.000000070

5 3 2 9 91 0.000000070

5 3 2 10 106 0.000000080

5 3 3 1 165 0.000000060

5 3 3 2 148 0.000000060

5 3 3 3 129 0.000000070

5 3 3 4 118 0.000000080

5 3 3 5 151 0.000000080

5 3 3 6 137 0.000000070

5 3 3 7 124 0.000000080

5 3 3 8 143 0.000000080

5 3 3 9 113 0.000000080

5 3 3 10 156 0.000000080

5 3 4 1 180 0.000000080

5 3 4 2 175 0.000000100

5 3 4 3 183 0.000000070

5 3 4 4 171 0.000000080

5 3 4 5 175 0.000000080

5 3 4 6 175 0.000000090

5 3 4 7 177 0.000000070

5 3 4 8 178 0.000000080

5 3 4 9 172 0.000000090

5 3 4 10 186 0.000000080

5 3 5 1 314 0.000000070

5 3 5 2 460 0.000000090

5 3 5 3 340 0.000000080

5 3 5 4 266 0.000000080

5 3 5 5 433 0.000000080

5 3 5 6 381 0.000000080

5 3 5 7 408 0.000000080

5 3 5 8 418 0.000000090

5 3 5 9 372 0.000000080

5 3 5 10 345 0.000000080

6 2 1 1 123 0.000000090

6 2 1 2 155 0.000000080

6 2 1 3 212 0.000000100

6 2 1 4 133 0.000000080

6 2 1 5 149 0.000000080

6 2 1 6 195 0.000000060

6 2 1 7 118 0.000000090

6 2 1 8 229 0.000000080

6 2 1 9 104 0.000000060

6 2 1 10 160 0.000000070

6 2 2 1 219 0.000000090

6 2 2 2 156 0.000000080

6 2 2 3 231 0.000000090

6 2 2 4 192 0.000000100

6 2 2 5 182 0.000000070

6 2 2 6 177 0.000000090

6 2 2 7 210 0.000000090

6 2 2 8 181 0.000000100

6 2 2 9 197 0.000000080

6 2 2 10 206 0.000000090

6 2 3 1 230 0.000000090

6 2 3 2 239 0.000000070

6 2 3 3 229 0.000000080

6 2 3 4 234 0.000000080

6 2 3 5 222 0.000000080

6 2 3 6 212 0.000000080

6 2 3 7 247 0.000000090

6 2 3 8 226 0.000000090

6 2 3 9 235 0.000000100

6 2 3 10 203 0.000000080

6 2 4 1 273 0.000000070

6 2 4 2 275 0.000000080

6 2 4 3 268 0.000000050

6 2 4 4 292 0.000000060

6 2 4 5 276 0.000000060

6 2 4 6 269 0.000000080

6 2 4 7 265 0.000000080

6 2 4 8 282 0.000000090

6 2 4 9 271 0.000000080

6 2 4 10 279 0.000000100

6 2 5 1 568 0.000000090

6 2 5 2 798 0.000000090

6 2 5 3 725 0.000000080

6 2 5 4 517 0.000000080

6 2 5 5 841 0.000000080

6 2 5 6 731 0.000000070

6 2 5 7 477 0.000000100

6 2 5 8 607 0.000000080

6 2 5 9 619 0.000000090

6 2 5 10 557 0.000000080

6 3 1 1 102 0.000000120

6 3 1 2 99 0.000000090

6 3 1 3 122 0.000000080

6 3 1 4 83 0.000000090

6 3 1 5 130 0.000000080

6 3 1 6 92 0.000000100

6 3 1 7 126 0.000000110

6 3 1 8 144 0.000000100

6 3 1 9 131 0.000000090

6 3 1 10 101 0.000000100

6 3 2 1 126 0.000000090

6 3 2 2 119 0.000000070

6 3 2 3 122 0.000000100

6 3 2 4 172 0.000000090

6 3 2 5 139 0.000000080

6 3 2 6 146 0.000000090

6 3 2 7 139 0.000000080

6 3 2 8 132 0.000000080

6 3 2 9 146 0.000000080

6 3 2 10 162 0.000000080

6 3 3 1 145 0.000000070

6 3 3 2 159 0.000000100

6 3 3 3 167 0.000000090

6 3 3 4 142 0.000000080

6 3 3 5 181 0.000000090

6 3 3 6 169 0.000000080

6 3 3 7 168 0.000000090

6 3 3 8 157 0.000000080

6 3 3 9 159 0.000000080

6 3 3 10 161 0.000000080

6 3 4 1 179 0.000000100

6 3 4 2 183 0.000000091

6 3 4 3 177 0.000000100

6 3 4 4 188 0.000000080

6 3 4 5 173 0.000000080

6 3 4 6 178 0.000000080

6 3 4 7 190 0.000000080

6 3 4 8 190 0.000000069

6 3 4 9 193 0.000000091

6 3 4 10 185 0.000000111

6 3 5 1 325 0.000004849

6 3 5 2 469 0.000000089

6 3 5 3 470 0.000000080

6 3 5 4 370 0.000000091

6 3 5 5 394 0.000000071

6 3 5 6 433 0.000000069

6 3 5 7 468 0.000000080

6 3 5 8 401 0.000000080

6 3 5 9 417 0.000000091

6 3 5 10 473 0.000000080

7 2 1 1 249 0.000000080

7 2 1 2 144 0.000000069

7 2 1 3 106 0.000000080

7 2 1 4 202 0.000000089

7 2 1 5 209 0.000000091

7 2 1 6 219 0.000000089

7 2 1 7 201 0.000000060

7 2 1 8 169 0.000000080

7 2 1 9 144 0.000000071

7 2 1 10 135 0.000000080

7 2 2 1 194 0.000000069

7 2 2 2 231 0.000000071

7 2 2 3 254 0.000000069

7 2 2 4 240 0.000000060

7 2 2 5 228 0.000000071

7 2 2 6 238 0.000000060

7 2 2 7 249 0.000000060

7 2 2 8 221 0.000000080

7 2 2 9 289 0.000000071

7 2 2 10 193 0.000000080

7 2 3 1 252 0.000000080

7 2 3 2 313 0.000000080

7 2 3 3 339 0.000000080

7 2 3 4 289 0.000000089

7 2 3 5 270 0.000000100

7 2 3 6 283 0.000000080

7 2 3 7 280 0.000000069

7 2 3 8 288 0.000000080

7 2 3 9 304 0.000000129

7 2 3 10 286 0.000000069

7 2 4 1 340 0.000000060

7 2 4 2 361 0.000000069

7 2 4 3 354 0.000000071

7 2 4 4 361 0.000000060

7 2 4 5 351 0.000000069

7 2 4 6 358 0.000000069

7 2 4 7 352 0.000000089

7 2 4 8 351 0.000000069

7 2 4 9 369 0.000000080

7 2 4 10 367 0.000000080

7 2 5 1 924 0.000000089

7 2 5 2 857 0.000000080

7 2 5 3 667 0.000000080

7 2 5 4 515 0.000000060

7 2 5 5 742 0.000000080

7 2 5 6 882 0.000000071

7 2 5 7 793 0.000000060

7 2 5 8 724 0.000000091

7 2 5 9 798 0.000000091

7 2 5 10 695 0.000000069

7 3 1 1 159 0.000000071

7 3 1 2 151 0.000000080

7 3 1 3 134 0.000000080

7 3 1 4 109 0.000000111

7 3 1 5 137 0.000000089

7 3 1 6 117 0.000000120

7 3 1 7 75 0.000000100

7 3 1 8 135 0.000000080

7 3 1 9 128 0.000000080

7 3 1 10 102 0.000000090

7 3 2 1 155 0.000000080

7 3 2 2 213 0.000000080

7 3 2 3 199 0.000000080

7 3 2 4 144 0.000000080

7 3 2 5 176 0.000000080

7 3 2 6 144 0.000000080

7 3 2 7 172 0.000000090

7 3 2 8 160 0.000000090

7 3 2 9 183 0.000000090

7 3 2 10 125 0.000000090

7 3 3 1 228 0.000000110

7 3 3 2 208 0.000000110

7 3 3 3 246 0.000000080

7 3 3 4 201 0.000000100

7 3 3 5 201 0.000000090

7 3 3 6 205 0.000000090

7 3 3 7 176 0.000000080

7 3 3 8 194 0.000000080

7 3 3 9 224 0.000000100

7 3 3 10 210 0.000000070

7 3 4 1 262 0.000000090

7 3 4 2 268 0.000000070

7 3 4 3 275 0.000000080

7 3 4 4 270 0.000000080

7 3 4 5 276 0.000000080

7 3 4 6 251 0.000000080

7 3 4 7 272 0.000000080

7 3 4 8 273 0.000000090

7 3 4 9 261 0.000000080

7 3 4 10 271 0.000000080

7 3 5 1 422 0.000000080

7 3 5 2 321 0.000000080

7 3 5 3 483 0.000000100

7 3 5 4 618 0.000000090

7 3 5 5 558 0.000000080

7 3 5 6 356 0.000000080

7 3 5 7 495 0.000000090

7 3 5 8 511 0.000000080

7 3 5 9 597 0.000000130

7 3 5 10 447 0.000000110

10 3 1 1 159 0.000000120

10 3 1 2 213 0.000000120

10 3 1 3 183 0.000000110

10 3 1 4 230 0.000000110

10 3 1 5 154 0.000000110

10 3 1 6 197 0.000000110

10 3 1 7 183 0.000000110

10 3 1 8 154 0.000000110

10 3 1 9 186 0.000000100

10 3 1 10 185 0.000000110

10 3 2 1 208 0.000000110

10 3 2 2 203 0.000000110

10 3 2 3 249 0.000000120

10 3 2 4 241 0.000000100

10 3 2 5 223 0.000000110

10 3 2 6 234 0.000000110

10 3 2 7 236 0.000000110

10 3 2 8 212 0.000000150

10 3 2 9 207 0.000000110

10 3 2 10 238 0.000000120

10 3 3 1 313 0.000000100

10 3 3 2 293 0.000000110

10 3 3 3 271 0.000000110

10 3 3 4 320 0.000000100

10 3 3 5 277 0.000000100

10 3 3 6 313 0.000000110

10 3 3 7 298 0.000000110

10 3 3 8 293 0.000000110

10 3 3 9 287 0.000000100

10 3 3 10 282 0.000000090

10 3 4 1 354 0.000000100

10 3 4 2 357 0.000000110

10 3 4 3 341 0.000000110

10 3 4 4 358 0.000000110

10 3 4 5 358 0.000000110

10 3 4 6 344 0.000000110

10 3 4 7 350 0.000000110

10 3 4 8 345 0.000000110

10 3 4 9 364 0.000000100

10 3 4 10 354 0.000000100

10 3 5 1 647 0.000000110

10 3 5 2 746 0.000000110

10 3 5 3 651 0.000000110

10 3 5 4 596 0.000000110

10 3 5 5 826 0.000000100

10 3 5 6 649 0.000000100

10 3 5 7 796 0.000000110

10 3 5 8 601 0.000000110

10 3 5 9 596 0.000000110

10 3 5 10 715 0.000000110

10 5 1 1 89 0.000000160

10 5 1 2 144 0.000000090

10 5 1 3 96 0.000000140

10 5 1 4 112 0.000000110

10 5 1 5 99 0.000000100

10 5 1 6 128 0.000000090

10 5 1 7 128 0.000000100

10 5 1 8 134 0.000000120

10 5 1 9 142 0.000000130

10 5 1 10 113 0.000000120

10 5 2 1 151 0.000000100

10 5 2 2 153 0.000000110

10 5 2 3 148 0.000000130

10 5 2 4 128 0.000000110

10 5 2 5 149 0.000000110

10 5 2 6 138 0.000000110

10 5 2 7 128 0.000000120

10 5 2 8 147 0.000000140

10 5 2 9 130 0.000000120

10 5 2 10 111 0.000000100

10 5 3 1 160 0.000000110

10 5 3 2 171 0.000000100

10 5 3 3 153 0.000000110

10 5 3 4 164 0.000000110

10 5 3 5 159 0.000000110

10 5 3 6 156 0.000000100

10 5 3 7 168 0.000000110

10 5 3 8 142 0.000000110

10 5 3 9 160 0.000000110

10 5 3 10 155 0.000000110

10 5 4 1 184 0.000000110

10 5 4 2 184 0.000000140

10 5 4 3 187 0.000000140

10 5 4 4 181 0.000000120

10 5 4 5 187 0.000000100

10 5 4 6 193 0.000000150

10 5 4 7 181 0.000000150

10 5 4 8 188 0.000000110

10 5 4 9 184 0.000000110

10 5 4 10 181 0.000000120

10 5 5 1 378 0.000000120

10 5 5 2 387 0.000000100

10 5 5 3 394 0.000000100

10 5 5 4 417 0.000000100

10 5 5 5 447 0.000000110

10 5 5 6 454 0.000000110

10 5 5 7 440 0.000000110

10 5 5 8 457 0.000000110

10 5 5 9 416 0.000000110

10 5 5 10 383 0.000000110

10 7 1 1 93 0.000000150

10 7 1 2 81 0.000000110

10 7 1 3 98 0.000000150

10 7 1 4 93 0.000000140

10 7 1 5 99 0.000000110

10 7 1 6 86 0.000000170

10 7 1 7 94 0.000000140

10 7 1 8 95 0.000000150

10 7 1 9 120 0.000000150

10 7 1 10 110 0.000000130

10 7 2 1 123 0.000000120

10 7 2 2 119 0.000000120

10 7 2 3 115 0.000000120

10 7 2 4 129 0.000000110

10 7 2 5 109 0.000000130

10 7 2 6 108 0.000000110

10 7 2 7 99 0.000000110

10 7 2 8 130 0.000000120

10 7 2 9 107 0.000000110

10 7 2 10 111 0.000000130

10 7 3 1 152 0.000000120

10 7 3 2 143 0.000000140

10 7 3 3 135 0.000000140

10 7 3 4 146 0.000000150

10 7 3 5 160 0.000000140

10 7 3 6 134 0.000000140

10 7 3 7 141 0.000000120

10 7 3 8 133 0.000000130

10 7 3 9 146 0.000000130

10 7 3 10 148 0.000000120

10 7 4 1 171 0.000000110

10 7 4 2 172 0.000000120

10 7 4 3 178 0.000000130

10 7 4 4 167 0.000000130

10 7 4 5 182 0.000000120

10 7 4 6 172 0.000000130

10 7 4 7 180 0.000000130

10 7 4 8 165 0.000000130

10 7 4 9 167 0.000000120

10 7 4 10 171 0.000000110

10 7 5 1 326 0.000000120

10 7 5 2 323 0.000000140

10 7 5 3 371 0.000000130

10 7 5 4 369 0.000000150

10 7 5 5 282 0.000000150

10 7 5 6 297 0.000000240

10 7 5 7 389 0.000000160

10 7 5 8 310 0.000000110

10 7 5 9 273 0.000000150

10 7 5 10 404 0.000000130

12 3 1 1 210 0.000000170

12 3 1 2 255 0.000000130

12 3 1 3 199 0.000000120

12 3 1 4 294 0.000000120

12 3 1 5 215 0.000000150

12 3 1 6 225 0.000000100

12 3 1 7 176 0.000000110

12 3 1 8 205 0.000000120

12 3 1 9 231 0.000000110

12 3 1 10 225 0.000000120

12 3 2 1 274 0.000000150

12 3 2 2 307 0.000000150

12 3 2 3 240 0.000000150

12 3 2 4 275 0.000000130

12 3 2 5 273 0.000000140

12 3 2 6 256 0.000000140

12 3 2 7 261 0.000000140

12 3 2 8 335 0.000000130

12 3 2 9 296 0.000000120

12 3 2 10 288 0.000000130

12 3 3 1 314 0.000000090

12 3 3 2 291 0.000000150

12 3 3 3 289 0.000000140

12 3 3 4 303 0.000000120

12 3 3 5 285 0.000000120

12 3 3 6 329 0.000000160

12 3 3 7 316 0.000000150

12 3 3 8 321 0.000000140

12 3 3 9 283 0.000000120

12 3 3 10 287 0.000000120

12 3 4 1 361 0.000000120

12 3 4 2 357 0.000000130

12 3 4 3 363 0.000000140

12 3 4 4 359 0.000000120

12 3 4 5 366 0.000000120

12 3 4 6 358 0.000000120

12 3 4 7 369 0.000000110

12 3 4 8 354 0.000000120

12 3 4 9 362 0.000000120

12 3 4 10 365 0.000000120

12 3 5 1 796 0.000000130

12 3 5 2 764 0.000000150

12 3 5 3 758 0.000000130

12 3 5 4 768 0.000000120

12 3 5 5 822 0.000000130

12 3 5 6 870 0.000000110

12 3 5 7 737 0.000000150

12 3 5 8 727 0.000000110

12 3 5 9 687 0.000000120

12 3 5 10 659 0.000000140

12 5 1 1 123 0.000000170

12 5 1 2 115 0.000000150

12 5 1 3 165 0.000000140

12 5 1 4 144 0.000000130

12 5 1 5 166 0.000000160

12 5 1 6 139 0.000000150

12 5 1 7 137 0.000000170

12 5 1 8 174 0.000000170

12 5 1 9 136 0.000000150

12 5 1 10 112 0.000000130

12 5 2 1 170 0.000000130

12 5 2 2 220 0.000000130

12 5 2 3 182 0.000000140

12 5 2 4 157 0.000000150

12 5 2 5 160 0.000000150

12 5 2 6 176 0.000000170

12 5 2 7 187 0.000000130

12 5 2 8 168 0.000000130

12 5 2 9 205 0.000000140

12 5 2 10 186 0.000000170

12 5 3 1 205 0.000000120

12 5 3 2 211 0.000000170

12 5 3 3 214 0.000000130

12 5 3 4 210 0.000000130

12 5 3 5 210 0.000000130

12 5 3 6 232 0.000000170

12 5 3 7 214 0.000000140

12 5 3 8 223 0.000000120

12 5 3 9 222 0.000000150

12 5 3 10 194 0.000000170

12 5 4 1 254 0.000000120

12 5 4 2 272 0.000000130

12 5 4 3 259 0.000000120

12 5 4 4 262 0.000000140

12 5 4 5 263 0.000000160

12 5 4 6 268 0.000000140

12 5 4 7 256 0.000000120

12 5 4 8 266 0.000000140

12 5 4 9 264 0.000000140

12 5 4 10 267 0.000000180

12 5 5 1 509 0.000000120

12 5 5 2 611 0.000000120

12 5 5 3 467 0.000000120

12 5 5 4 483 0.000000160

12 5 5 5 486 0.000000120

12 5 5 6 618 0.000000130

12 5 5 7 492 0.000000130

12 5 5 8 452 0.000000130

12 5 5 9 494 0.000000170

12 5 5 10 526 0.000000130

12 7 1 1 121 0.000000150

12 7 1 2 131 0.000000150

12 7 1 3 121 0.000000190

12 7 1 4 117 0.000000170

12 7 1 5 94 0.000000140

12 7 1 6 107 0.000000130

12 7 1 7 96 0.000000130

12 7 1 8 117 0.000000200

12 7 1 9 121 0.000000180

12 7 1 10 88 0.000000120

12 7 2 1 151 0.000000130

12 7 2 2 134 0.000000130

12 7 2 3 122 0.000000140

12 7 2 4 138 0.000000160

12 7 2 5 129 0.000000130

12 7 2 6 119 0.000000130

12 7 2 7 132 0.000000120

12 7 2 8 138 0.000000120

12 7 2 9 157 0.000000130

12 7 2 10 112 0.000000130

12 7 3 1 157 0.000000140

12 7 3 2 126 0.000000120

12 7 3 3 154 0.000000140

12 7 3 4 150 0.000000140

12 7 3 5 148 0.000000130

12 7 3 6 175 0.000000130

12 7 3 7 147 0.000000130

12 7 3 8 149 0.000000140

12 7 3 9 163 0.000000170

12 7 3 10 152 0.000000180

12 7 4 1 179 0.000000150

12 7 4 2 180 0.000000130

12 7 4 3 178 0.000000170

12 7 4 4 175 0.000000150

12 7 4 5 182 0.000000200

12 7 4 6 176 0.000000190

12 7 4 7 171 0.000000180

12 7 4 8 180 0.000000150

12 7 4 9 177 0.000000130

12 7 4 10 168 0.000000130

12 7 5 1 386 0.000000130

12 7 5 2 349 0.000000120

12 7 5 3 404 0.000000130

12 7 5 4 345 0.000000130

12 7 5 5 305 0.000000130

12 7 5 6 456 0.000000130

12 7 5 7 285 0.000000140

12 7 5 8 415 0.000000130

12 7 5 9 372 0.000000140

12 7 5 10 417 0.000000180

15 3 1 1 256 0.000000140

15 3 1 2 302 0.000000150

15 3 1 3 259 0.000000130

15 3 1 4 283 0.000000130

15 3 1 5 291 0.000000130

15 3 1 6 250 0.000000180

15 3 1 7 224 0.000000150

15 3 1 8 288 0.000000170

15 3 1 9 260 0.000000130

15 3 1 10 319 0.000000150

15 3 2 1 323 0.000000140

15 3 2 2 375 0.000000140

15 3 2 3 357 0.000000140

15 3 2 4 272 0.000000130

15 3 2 5 352 0.000000140

15 3 2 6 315 0.000000130

15 3 2 7 327 0.000000130

15 3 2 8 314 0.000000140

15 3 2 9 285 0.000000130

15 3 2 10 314 0.000000140

15 3 3 1 395 0.000000140

15 3 3 2 384 0.000000150

15 3 3 3 383 0.000000140

15 3 3 4 385 0.000000140

15 3 3 5 407 0.000000160

15 3 3 6 365 0.000000160

15 3 3 7 398 0.000000130

15 3 3 8 368 0.000000140

15 3 3 9 339 0.000000140

15 3 3 10 406 0.000000130

15 3 4 1 437 0.000000130

15 3 4 2 428 0.000000140

15 3 4 3 455 0.000000130

15 3 4 4 464 0.000000140

15 3 4 5 449 0.000000160

15 3 4 6 456 0.000000140

15 3 4 7 462 0.000000180

15 3 4 8 451 0.000000170

15 3 4 9 442 0.000000140

15 3 4 10 451 0.000000140

15 3 5 1 1072 0.000000140

15 3 5 2 955 0.000000140

15 3 5 3 903 0.000000140

15 3 5 4 912 0.000000140

15 3 5 5 960 0.000000140

15 3 5 6 1028 0.000000140

15 3 5 7 1034 0.000000140

15 3 5 8 1068 0.000000140

15 3 5 9 894 0.000000140

15 3 5 10 877 0.000000130

15 5 1 1 180 0.000000170

15 5 1 2 148 0.000000160

15 5 1 3 178 0.000000170

15 5 1 4 174 0.000000140

15 5 1 5 185 0.000000140

15 5 1 6 168 0.000000140

15 5 1 7 167 0.000000150

15 5 1 8 163 0.000000130

15 5 1 9 129 0.000000150

15 5 1 10 180 0.000000150

15 5 2 1 193 0.000000190

15 5 2 2 212 0.000000150

15 5 2 3 199 0.000000150

15 5 2 4 230 0.000000170

15 5 2 5 184 0.000000190

15 5 2 6 204 0.000000140

15 5 2 7 199 0.000000170

15 5 2 8 222 0.000000191

15 5 2 9 181 0.000000209

15 5 2 10 194 0.000000180

15 5 3 1 216 0.000000160

15 5 3 2 229 0.000000171

15 5 3 3 241 0.000000169

15 5 3 4 223 0.000000129

15 5 3 5 256 0.000000149

15 5 3 6 214 0.000000140

15 5 3 7 235 0.000000131

15 5 3 8 230 0.000000129

15 5 3 9 221 0.000000140

15 5 3 10 222 0.000000140

15 5 4 1 273 0.000000149

15 5 4 2 269 0.000000140

15 5 4 3 275 0.000000140

15 5 4 4 273 0.000000191

15 5 4 5 269 0.000000180

15 5 4 6 280 0.000000180

15 5 4 7 276 0.000000151

15 5 4 8 266 0.000000140

15 5 4 9 282 0.000000140

15 5 4 10 275 0.000000140

15 5 5 1 616 0.000000149

15 5 5 2 578 0.000000140

15 5 5 3 551 0.000000140

15 5 5 4 531 0.000000140

15 5 5 5 560 0.000000151

15 5 5 6 561 0.000000140

15 5 5 7 521 0.000000140

15 5 5 8 520 0.000000149

15 5 5 9 616 0.000000160

15 5 5 10 613 0.000000151

15 7 1 1 115 0.000000189

15 7 1 2 136 0.000000169

15 7 1 3 92 0.000000240

15 7 1 4 133 0.000000220

15 7 1 5 93 0.000000151

15 7 1 6 110 0.000000140

15 7 1 7 121 0.000000171

15 7 1 8 134 0.000000140

15 7 1 9 130 0.000000140

15 7 1 10 126 0.000000129

15 7 2 1 162 0.000000131

15 7 2 2 175 0.000000140

15 7 2 3 166 0.000000160

15 7 2 4 145 0.000000171

15 7 2 5 148 0.000000160

15 7 2 6 143 0.000000160

15 7 2 7 162 0.000000151

15 7 2 8 151 0.000000149

15 7 2 9 173 0.000000140

15 7 2 10 162 0.000000171

15 7 3 1 190 0.000000169

15 7 3 2 224 0.000000171

15 7 3 3 182 0.000000171

15 7 3 4 208 0.000000171

15 7 3 5 205 0.000000191

15 7 3 6 192 0.000000180

15 7 3 7 202 0.000000169

15 7 3 8 201 0.000000169

15 7 3 9 202 0.000000160

15 7 3 10 197 0.000000160

15 7 4 1 251 0.000000149

15 7 4 2 258 0.000000140

15 7 4 3 267 0.000000140

15 7 4 4 253 0.000000160

15 7 4 5 262 0.000000149

15 7 4 6 259 0.000000140

15 7 4 7 261 0.000000169

15 7 4 8 264 0.000000160

15 7 4 9 261 0.000000160

15 7 4 10 264 0.000000220

15 7 5 1 425 0.000000160

15 7 5 2 541 0.000000169

15 7 5 3 512 0.000000140

15 7 5 4 384 0.000000169

15 7 5 5 510 0.000000140

15 7 5 6 532 0.000000140

15 7 5 7 420 0.000000169

15 7 5 8 488 0.000000131

15 7 5 9 461 0.000000171

15 7 5 10 412 0.000000169

