5 2 1 1 139 0.000000100

5 2 1 2 151 0.000000070

5 2 1 3 166 0.000000070

5 2 1 4 142 0.000000060

5 2 1 5 145 0.000000060

5 2 1 6 187 0.000000060

5 2 1 7 170 0.000000110

5 2 1 8 118 0.000000070

5 2 1 9 150 0.000000060

5 2 1 10 168 0.000000080

5 2 2 1 169 0.000000080

5 2 2 2 211 0.000000080

5 2 2 3 194 0.000000050

5 2 2 4 176 0.000000060

5 2 2 5 186 0.000000070

5 2 2 6 250 0.000000060

5 2 2 7 167 0.000000080

5 2 2 8 228 0.000000060

5 2 2 9 184 0.000000070

5 2 2 10 206 0.000000080

5 2 3 1 220 0.000000070

5 2 3 2 230 0.000000070

5 2 3 3 185 0.000000050

5 2 3 4 201 0.000000080

5 2 3 5 216 0.000000070

5 2 3 6 259 0.000000060

5 2 3 7 228 0.000000070

5 2 3 8 227 0.000000050

5 2 3 9 227 0.000000090

5 2 3 10 222 0.000000110

5 2 4 1 276 0.000000060

5 2 4 2 248 0.000000070

5 2 4 3 258 0.000000050

5 2 4 4 266 0.000000050

5 2 4 5 259 0.000000060

5 2 4 6 269 0.000000050

5 2 4 7 272 0.000000050

5 2 4 8 274 0.000000090

5 2 4 9 272 0.000000070

5 2 4 10 270 0.000000070

5 2 5 1 466 0.000000060

5 2 5 2 499 0.000000070

5 2 5 3 472 0.000000070

5 2 5 4 444 0.000000050

5 2 5 5 546 0.000000060

5 2 5 6 580 0.000000050

5 2 5 7 513 0.000000050

5 2 5 8 487 0.000000050

5 2 5 9 672 0.000000050

5 2 5 10 619 0.000000050

5 3 1 1 96 0.000000070

5 3 1 2 129 0.000000070

5 3 1 3 118 0.000000070

5 3 1 4 99 0.000000060

5 3 1 5 154 0.000000060

5 3 1 6 114 0.000000060

5 3 1 7 131 0.000000050

5 3 1 8 124 0.000000050

5 3 1 9 106 0.000000060

5 3 1 10 100 0.000000060

5 3 2 1 129 0.000000060

5 3 2 2 141 0.000000060

5 3 2 3 141 0.000000060

5 3 2 4 164 0.000000090

5 3 2 5 123 0.000000070

5 3 2 6 145 0.000000060

5 3 2 7 167 0.000000060

5 3 2 8 149 0.000000060

5 3 2 9 121 0.000000050

5 3 2 10 122 0.000000060

5 3 3 1 165 0.000000060

5 3 3 2 170 0.000000060

5 3 3 3 147 0.000000070

5 3 3 4 155 0.000000060

5 3 3 5 165 0.000000050

5 3 3 6 155 0.000000060

5 3 3 7 150 0.000000060

5 3 3 8 144 0.000000060

5 3 3 9 138 0.000000080

5 3 3 10 167 0.000000090

5 3 4 1 183 0.000000060

5 3 4 2 176 0.000000080

5 3 4 3 185 0.000000070

5 3 4 4 180 0.000000060

5 3 4 5 178 0.000000100

5 3 4 6 176 0.000000080

5 3 4 7 177 0.000000060

5 3 4 8 184 0.000000070

5 3 4 9 176 0.000000060

5 3 4 10 186 0.000000060

5 3 5 1 339 0.000000060

5 3 5 2 490 0.000000060

5 3 5 3 412 0.000000080

5 3 5 4 301 0.000000080

5 3 5 5 436 0.000000070

5 3 5 6 395 0.000000050

5 3 5 7 475 0.000000060

5 3 5 8 419 0.000000060

5 3 5 9 417 0.000000060

5 3 5 10 366 0.000000060

6 2 1 1 125 0.000000070

6 2 1 2 157 0.000000060

6 2 1 3 214 0.000000060

6 2 1 4 165 0.000000070

6 2 1 5 158 0.000000060

6 2 1 6 209 0.000000060

6 2 1 7 118 0.000000070

6 2 1 8 238 0.000000070

6 2 1 9 104 0.000000060

6 2 1 10 172 0.000000050

6 2 2 1 212 0.000000060

6 2 2 2 148 0.000000060

6 2 2 3 226 0.000000060

6 2 2 4 201 0.000000060

6 2 2 5 192 0.000000050

6 2 2 6 176 0.000000060

6 2 2 7 225 0.000000050

6 2 2 8 189 0.000000060

6 2 2 9 197 0.000000060

6 2 2 10 209 0.000000060

6 2 3 1 228 0.000000060

6 2 3 2 244 0.000000060

6 2 3 3 234 0.000000060

6 2 3 4 234 0.000000050

6 2 3 5 219 0.000000060

6 2 3 6 212 0.000000060

6 2 3 7 252 0.000000060

6 2 3 8 225 0.000000060

6 2 3 9 240 0.000000060

6 2 3 10 203 0.000000060

6 2 4 1 273 0.000000080

6 2 4 2 279 0.000000060

6 2 4 3 268 0.000000060

6 2 4 4 292 0.000000060

6 2 4 5 276 0.000000060

6 2 4 6 269 0.000000080

6 2 4 7 273 0.000000070

6 2 4 8 283 0.000000070

6 2 4 9 272 0.000000070

6 2 4 10 279 0.000000070

6 2 5 1 571 0.000000080

6 2 5 2 800 0.000000070

6 2 5 3 712 0.000000060

6 2 5 4 484 0.000000060

6 2 5 5 841 0.000000070

6 2 5 6 731 0.000000060

6 2 5 7 466 0.000000060

6 2 5 8 576 0.000000080

6 2 5 9 636 0.000000070

6 2 5 10 575 0.000000060

6 3 1 1 116 0.000000080

6 3 1 2 121 0.000000080

6 3 1 3 141 0.000000070

6 3 1 4 107 0.000000090

6 3 1 5 142 0.000000060

6 3 1 6 96 0.000000080

6 3 1 7 126 0.000000080

6 3 1 8 144 0.000000060

6 3 1 9 135 0.000000060

6 3 1 10 111 0.000000070

6 3 2 1 139 0.000000060

6 3 2 2 139 0.000000070

6 3 2 3 125 0.000000080

6 3 2 4 172 0.000000070

6 3 2 5 160 0.000000080

6 3 2 6 150 0.000000070

6 3 2 7 154 0.000000070

6 3 2 8 150 0.000000070

6 3 2 9 146 0.000000070

6 3 2 10 171 0.000000070

6 3 3 1 145 0.000000070

6 3 3 2 159 0.000000070

6 3 3 3 168 0.000000060

6 3 3 4 142 0.000000060

6 3 3 5 181 0.000000050

6 3 3 6 181 0.000000060

6 3 3 7 175 0.000000060

6 3 3 8 147 0.000000100

6 3 3 9 161 0.000000080

6 3 3 10 174 0.000000100

6 3 4 1 180 0.000000070

6 3 4 2 184 0.000000070

6 3 4 3 177 0.000000080

6 3 4 4 190 0.000000070

6 3 4 5 174 0.000000070

6 3 4 6 178 0.000000070

6 3 4 7 191 0.000000060

6 3 4 8 191 0.000000060

6 3 4 9 192 0.000000060

6 3 4 10 189 0.000000060

6 3 5 1 346 0.000000050

6 3 5 2 469 0.000000050

6 3 5 3 482 0.000000070

6 3 5 4 370 0.000000060

6 3 5 5 391 0.000000090

6 3 5 6 439 0.000000100

6 3 5 7 505 0.000000080

6 3 5 8 443 0.000000070

6 3 5 9 374 0.000000060

6 3 5 10 473 0.000000070

7 2 1 1 249 0.000000080

7 2 1 2 153 0.000000090

7 2 1 3 107 0.000000060

7 2 1 4 205 0.000000090

7 2 1 5 214 0.000000060

7 2 1 6 221 0.000000090

7 2 1 7 189 0.000000060

7 2 1 8 169 0.000000070

7 2 1 9 165 0.000000090

7 2 1 10 136 0.000000090

7 2 2 1 223 0.000000090

7 2 2 2 212 0.000000090

7 2 2 3 266 0.000000090

7 2 2 4 241 0.000000090

7 2 2 5 253 0.000000100

7 2 2 6 238 0.000000070

7 2 2 7 249 0.000000080

7 2 2 8 223 0.000000100

7 2 2 9 269 0.000000080

7 2 2 10 198 0.000000080

7 2 3 1 256 0.000000060

7 2 3 2 302 0.000000080

7 2 3 3 339 0.000000070

7 2 3 4 289 0.000000090

7 2 3 5 266 0.000000080

7 2 3 6 298 0.000000070

7 2 3 7 280 0.000000080

7 2 3 8 287 0.000000100

7 2 3 9 296 0.000000090

7 2 3 10 290 0.000000090

7 2 4 1 342 0.000000090

7 2 4 2 360 0.000000090

7 2 4 3 354 0.000000080

7 2 4 4 356 0.000000080

7 2 4 5 351 0.000000090

7 2 4 6 356 0.000000100

7 2 4 7 351 0.000000100

7 2 4 8 357 0.000000070

7 2 4 9 369 0.000000090

7 2 4 10 370 0.000000120

7 2 5 1 940 0.000000080

7 2 5 2 849 0.000000110

7 2 5 3 664 0.000000080

7 2 5 4 535 0.000000100

7 2 5 5 733 0.000000090

7 2 5 6 864 0.000000060

7 2 5 7 867 0.000000100

7 2 5 8 733 0.000000090

7 2 5 9 793 0.000000100

7 2 5 10 719 0.000000090

7 3 1 1 159 0.000000100

7 3 1 2 158 0.000000090

7 3 1 3 132 0.000000090

7 3 1 4 106 0.000000120

7 3 1 5 137 0.000000090

7 3 1 6 117 0.000000080

7 3 1 7 76 0.000000100

7 3 1 8 135 0.000000110

7 3 1 9 128 0.000000110

7 3 1 10 98 0.000000090

7 3 2 1 155 0.000000090

7 3 2 2 216 0.000000090

7 3 2 3 207 0.000000090

7 3 2 4 146 0.000000070

7 3 2 5 174 0.000000080

7 3 2 6 146 0.000000110

7 3 2 7 162 0.000000100

7 3 2 8 196 0.000000100

7 3 2 9 215 0.000000100

7 3 2 10 130 0.000000090

7 3 3 1 228 0.000000100

7 3 3 2 212 0.000000080

7 3 3 3 246 0.000000110

7 3 3 4 200 0.000000070

7 3 3 5 199 0.000000060

7 3 3 6 206 0.000000090

7 3 3 7 174 0.000000090

7 3 3 8 194 0.000000080

7 3 3 9 223 0.000000100

7 3 3 10 236 0.000000090

7 3 4 1 272 0.000000090

7 3 4 2 267 0.000000100

7 3 4 3 275 0.000000100

7 3 4 4 268 0.000000090

7 3 4 5 274 0.000000070

7 3 4 6 251 0.000000110

7 3 4 7 278 0.000000100

7 3 4 8 279 0.000000110

7 3 4 9 261 0.000000080

7 3 4 10 272 0.000000080

7 3 5 1 422 0.000000100

7 3 5 2 291 0.000000071

7 3 5 3 473 0.000000089

7 3 5 4 618 0.000000100

7 3 5 5 558 0.000000100

7 3 5 6 366 0.000000080

7 3 5 7 518 0.000000071

7 3 5 8 511 0.000000100

7 3 5 9 582 0.000000100

7 3 5 10 447 0.000000109

10 3 1 1 157 0.000000131

10 3 1 2 205 0.000000120

10 3 1 3 207 0.000000140

10 3 1 4 237 0.000000120

10 3 1 5 154 0.000000120

10 3 1 6 214 0.000000109

10 3 1 7 191 0.000000100

10 3 1 8 139 0.000000131

10 3 1 9 190 0.000000080

10 3 1 10 205 0.000000120

10 3 2 1 204 0.000000109

10 3 2 2 203 0.000000111

10 3 2 3 266 0.000000129

10 3 2 4 251 0.000000120

10 3 2 5 230 0.000000140

10 3 2 6 237 0.000000120

10 3 2 7 258 0.000000120

10 3 2 8 220 0.000000120

10 3 2 9 207 0.000000111

10 3 2 10 265 0.000000091

10 3 3 1 331 0.000000091

10 3 3 2 287 0.000000131

10 3 3 3 282 0.000000120

10 3 3 4 319 0.000000091

10 3 3 5 278 0.000000089

10 3 3 6 313 0.000000080

10 3 3 7 293 0.000000080

10 3 3 8 305 0.000000080

10 3 3 9 301 0.000000089

10 3 3 10 273 0.000000080

10 3 4 1 355 0.000000080

10 3 4 2 358 0.000000080

10 3 4 3 341 0.000000089

10 3 4 4 350 0.000000080

10 3 4 5 358 0.000000091

10 3 4 6 344 0.000000080

10 3 4 7 353 0.000000100

10 3 4 8 345 0.000000100

10 3 4 9 361 0.000000100

10 3 4 10 354 0.000000100

10 3 5 1 638 0.000000080

10 3 5 2 743 0.000000100

10 3 5 3 694 0.000000100

10 3 5 4 617 0.000000100

10 3 5 5 820 0.000000080

10 3 5 6 670 0.000000140

10 3 5 7 786 0.000000140

10 3 5 8 606 0.000000100

10 3 5 9 605 0.000000120

10 3 5 10 740 0.000000151

10 5 1 1 96 0.000000180

10 5 1 2 159 0.000000131

10 5 1 3 119 0.000000109

10 5 1 4 111 0.000000111

10 5 1 5 113 0.000000100

10 5 1 6 131 0.000000090

10 5 1 7 141 0.000000100

10 5 1 8 142 0.000000080

10 5 1 9 156 0.000000100

10 5 1 10 137 0.000000090

10 5 2 1 151 0.000000100

10 5 2 2 167 0.000000100

10 5 2 3 158 0.000000090

10 5 2 4 141 0.000000100

10 5 2 5 149 0.000000100

10 5 2 6 159 0.000000150

10 5 2 7 151 0.000000090

10 5 2 8 153 0.000000100

10 5 2 9 139 0.000000100

10 5 2 10 119 0.000000080

10 5 3 1 152 0.000000100

10 5 3 2 179 0.000000100

10 5 3 3 154 0.000000100

10 5 3 4 164 0.000000080

10 5 3 5 159 0.000000080

10 5 3 6 164 0.000000080

10 5 3 7 160 0.000000080

10 5 3 8 151 0.000000080

10 5 3 9 160 0.000000080

10 5 3 10 170 0.000000080

10 5 4 1 183 0.000000090

10 5 4 2 186 0.000000090

10 5 4 3 188 0.000000080

10 5 4 4 182 0.000000080

10 5 4 5 191 0.000000080

10 5 4 6 193 0.000000150

10 5 4 7 185 0.000000150

10 5 4 8 192 0.000000120

10 5 4 9 190 0.000000100

10 5 4 10 183 0.000000090

10 5 5 1 391 0.000000130

10 5 5 2 418 0.000000110

10 5 5 3 394 0.000000080

10 5 5 4 487 0.000000080

10 5 5 5 466 0.000000080

10 5 5 6 482 0.000000140

10 5 5 7 461 0.000000100

10 5 5 8 485 0.000000090

10 5 5 9 484 0.000000100

10 5 5 10 436 0.000000100

10 7 1 1 113 0.000000140

10 7 1 2 82 0.000000110

10 7 1 3 103 0.000000130

10 7 1 4 121 0.000000150

10 7 1 5 105 0.000000150

10 7 1 6 91 0.000000110

10 7 1 7 100 0.000000120

10 7 1 8 99 0.000000110

10 7 1 9 130 0.000000110

10 7 1 10 118 0.000000110

10 7 2 1 132 0.000000100

10 7 2 2 139 0.000000130

10 7 2 3 138 0.000000110

10 7 2 4 148 0.000000120

10 7 2 5 147 0.000000130

10 7 2 6 132 0.000000130

10 7 2 7 131 0.000000120

10 7 2 8 149 0.000000130

10 7 2 9 141 0.000000150

10 7 2 10 140 0.000000130

10 7 3 1 165 0.000000110

10 7 3 2 150 0.000000100

10 7 3 3 152 0.000000120

10 7 3 4 155 0.000000120

10 7 3 5 167 0.000000110

10 7 3 6 153 0.000000140

10 7 3 7 145 0.000000120

10 7 3 8 154 0.000000100

10 7 3 9 149 0.000000100

10 7 3 10 152 0.000000120

10 7 4 1 181 0.000000150

10 7 4 2 177 0.000000110

10 7 4 3 183 0.000000140

10 7 4 4 179 0.000000170

10 7 4 5 184 0.000000160

10 7 4 6 179 0.000000190

10 7 4 7 183 0.000000150

10 7 4 8 174 0.000000150

10 7 4 9 174 0.000000110

10 7 4 10 178 0.000000110

10 7 5 1 370 0.000000130

10 7 5 2 380 0.000000130

10 7 5 3 393 0.000000120

10 7 5 4 440 0.000000130

10 7 5 5 372 0.000000110

10 7 5 6 382 0.000000110

10 7 5 7 437 0.000000130

10 7 5 8 410 0.000000100

10 7 5 9 362 0.000000160

10 7 5 10 469 0.000000120

12 3 1 1 222 0.000000130

12 3 1 2 271 0.000000150

12 3 1 3 196 0.000000130

12 3 1 4 293 0.000000120

12 3 1 5 215 0.000000120

12 3 1 6 242 0.000000120

12 3 1 7 191 0.000000120

12 3 1 8 208 0.000000120

12 3 1 9 229 0.000000120

12 3 1 10 231 0.000000120

12 3 2 1 272 0.000000120

12 3 2 2 307 0.000000120

12 3 2 3 249 0.000000120

12 3 2 4 280 0.000000120

12 3 2 5 274 0.000000140

12 3 2 6 269 0.000000090

12 3 2 7 270 0.000000130

12 3 2 8 332 0.000000120

12 3 2 9 294 0.000000120

12 3 2 10 289 0.000000120

12 3 3 1 318 0.000000120

12 3 3 2 299 0.000000120

12 3 3 3 298 0.000000120

12 3 3 4 304 0.000000120

12 3 3 5 286 0.000000120

12 3 3 6 329 0.000000120

12 3 3 7 324 0.000000110

12 3 3 8 321 0.000000120

12 3 3 9 287 0.000000120

12 3 3 10 288 0.000000120

12 3 4 1 363 0.000000120

12 3 4 2 358 0.000000120

12 3 4 3 363 0.000000120

12 3 4 4 363 0.000000110

12 3 4 5 369 0.000000120

12 3 4 6 364 0.000000120

12 3 4 7 369 0.000000120

12 3 4 8 355 0.000000120

12 3 4 9 361 0.000000100

12 3 4 10 366 0.000000080

12 3 5 1 766 0.000000120

12 3 5 2 779 0.000000120

12 3 5 3 780 0.000000120

12 3 5 4 769 0.000000120

12 3 5 5 870 0.000000120

12 3 5 6 872 0.000000120

12 3 5 7 729 0.000000120

12 3 5 8 758 0.000000130

12 3 5 9 729 0.000000130

12 3 5 10 682 0.000000120

12 5 1 1 129 0.000000150

12 5 1 2 118 0.000000130

12 5 1 3 148 0.000000170

12 5 1 4 155 0.000000140

12 5 1 5 166 0.000000130

12 5 1 6 149 0.000000110

12 5 1 7 135 0.000000130

12 5 1 8 170 0.000000110

12 5 1 9 133 0.000000130

12 5 1 10 126 0.000000120

12 5 2 1 158 0.000000110

12 5 2 2 217 0.000000120

12 5 2 3 176 0.000000120

12 5 2 4 157 0.000000120

12 5 2 5 159 0.000000120

12 5 2 6 171 0.000000120

12 5 2 7 187 0.000000120

12 5 2 8 169 0.000000120

12 5 2 9 205 0.000000120

12 5 2 10 192 0.000000120

12 5 3 1 209 0.000000140

12 5 3 2 214 0.000000140

12 5 3 3 210 0.000000130

12 5 3 4 221 0.000000120

12 5 3 5 220 0.000000130

12 5 3 6 231 0.000000150

12 5 3 7 214 0.000000150

12 5 3 8 232 0.000000140

12 5 3 9 219 0.000000160

12 5 3 10 193 0.000000120

12 5 4 1 263 0.000000120

12 5 4 2 271 0.000000120

12 5 4 3 255 0.000000120

12 5 4 4 261 0.000000120

12 5 4 5 269 0.000000120

12 5 4 6 266 0.000000120

12 5 4 7 255 0.000000130

12 5 4 8 266 0.000000120

12 5 4 9 266 0.000000120

12 5 4 10 264 0.000000130

12 5 5 1 551 0.000000120

12 5 5 2 619 0.000000120

12 5 5 3 477 0.000000120

12 5 5 4 494 0.000000120

12 5 5 5 505 0.000000130

12 5 5 6 589 0.000000120

12 5 5 7 500 0.000000120

12 5 5 8 515 0.000000130

12 5 5 9 514 0.000000170

12 5 5 10 510 0.000000130

12 7 1 1 132 0.000000170

12 7 1 2 134 0.000000180

12 7 1 3 138 0.000000160

12 7 1 4 127 0.000000190

12 7 1 5 111 0.000000160

12 7 1 6 117 0.000000140

12 7 1 7 126 0.000000130

12 7 1 8 136 0.000000120

12 7 1 9 133 0.000000140

12 7 1 10 104 0.000000180

12 7 2 1 151 0.000000120

12 7 2 2 155 0.000000150

12 7 2 3 133 0.000000190

12 7 2 4 154 0.000000130

12 7 2 5 142 0.000000200

12 7 2 6 131 0.000000120

12 7 2 7 137 0.000000120

12 7 2 8 144 0.000000150

12 7 2 9 161 0.000000110

12 7 2 10 126 0.000000200

12 7 3 1 161 0.000000190

12 7 3 2 149 0.000000120

12 7 3 3 160 0.000000120

12 7 3 4 164 0.000000180

12 7 3 5 155 0.000000150

12 7 3 6 174 0.000000150

12 7 3 7 152 0.000000110

12 7 3 8 159 0.000000170

12 7 3 9 163 0.000000130

12 7 3 10 163 0.000000120

12 7 4 1 182 0.000000120

12 7 4 2 186 0.000000130

12 7 4 3 184 0.000000130

12 7 4 4 178 0.000000150

12 7 4 5 188 0.000000110

12 7 4 6 180 0.000000140

12 7 4 7 177 0.000000170

12 7 4 8 185 0.000000120

12 7 4 9 181 0.000000140

12 7 4 10 179 0.000000160

12 7 5 1 436 0.000000190

12 7 5 2 421 0.000000120

12 7 5 3 455 0.000000120

12 7 5 4 398 0.000000170

12 7 5 5 363 0.000000200

12 7 5 6 409 0.000000160

12 7 5 7 389 0.000000160

12 7 5 8 425 0.000000130

12 7 5 9 379 0.000000180

12 7 5 10 455 0.000000150

15 3 1 1 267 0.000000180

15 3 1 2 308 0.000000150

15 3 1 3 261 0.000000140

15 3 1 4 296 0.000000140

15 3 1 5 300 0.000000130

15 3 1 6 262 0.000000130

15 3 1 7 224 0.000000130

15 3 1 8 294 0.000000120

15 3 1 9 256 0.000000130

15 3 1 10 322 0.000000130

15 3 2 1 319 0.000000130

15 3 2 2 387 0.000000130

15 3 2 3 361 0.000000140

15 3 2 4 272 0.000000140

15 3 2 5 355 0.000000150

15 3 2 6 313 0.000000160

15 3 2 7 325 0.000000130

15 3 2 8 323 0.000000140

15 3 2 9 288 0.000000130

15 3 2 10 320 0.000000180

15 3 3 1 396 0.000000130

15 3 3 2 386 0.000000150

15 3 3 3 382 0.000000140

15 3 3 4 385 0.000000170

15 3 3 5 408 0.000000150

15 3 3 6 371 0.000000150

15 3 3 7 400 0.000000150

15 3 3 8 374 0.000000170

15 3 3 9 345 0.000000150

15 3 3 10 406 0.000000140

15 3 4 1 438 0.000000130

15 3 4 2 428 0.000000170

15 3 4 3 458 0.000000150

15 3 4 4 462 0.000000130

15 3 4 5 449 0.000000590

15 3 4 6 455 0.000000170

15 3 4 7 460 0.000000150

15 3 4 8 452 0.000000150

15 3 4 9 444 0.000000150

15 3 4 10 452 0.000000150

15 3 5 1 1085 0.000000150

15 3 5 2 976 0.000000130

15 3 5 3 938 0.000000140

15 3 5 4 913 0.000000140

15 3 5 5 965 0.000000140

15 3 5 6 1047 0.000000150

15 3 5 7 1048 0.000000130

15 3 5 8 1077 0.000000140

15 3 5 9 916 0.000000140

15 3 5 10 861 0.000000130

15 5 1 1 160 0.000000150

15 5 1 2 170 0.000000160

15 5 1 3 185 0.000000200

15 5 1 4 187 0.000000110

15 5 1 5 190 0.000000200

15 5 1 6 196 0.000000190

15 5 1 7 175 0.000000130

15 5 1 8 182 0.000000140

15 5 1 9 123 0.000000200

15 5 1 10 181 0.000000130

15 5 2 1 191 0.000000140

15 5 2 2 222 0.000000130

15 5 2 3 196 0.000000130

15 5 2 4 224 0.000000130

15 5 2 5 179 0.000000150

15 5 2 6 208 0.000000140

15 5 2 7 205 0.000000140

15 5 2 8 225 0.000000140

15 5 2 9 183 0.000000130

15 5 2 10 198 0.000000140

15 5 3 1 226 0.000000140

15 5 3 2 229 0.000000130

15 5 3 3 240 0.000000130

15 5 3 4 228 0.000000120

15 5 3 5 255 0.000000150

15 5 3 6 214 0.000000130

15 5 3 7 239 0.000000140

15 5 3 8 234 0.000000120

15 5 3 9 219 0.000000140

15 5 3 10 226 0.000000200

15 5 4 1 276 0.000000180

15 5 4 2 270 0.000000160

15 5 4 3 275 0.000000140

15 5 4 4 272 0.000000130

15 5 4 5 268 0.000000140

15 5 4 6 279 0.000000120

15 5 4 7 274 0.000000150

15 5 4 8 265 0.000000120

15 5 4 9 284 0.000000140

15 5 4 10 276 0.000000130

15 5 5 1 610 0.000000140

15 5 5 2 586 0.000000140

15 5 5 3 565 0.000000120

15 5 5 4 546 0.000000130

15 5 5 5 601 0.000000150

15 5 5 6 577 0.000000190

15 5 5 7 515 0.000000190

15 5 5 8 542 0.000000150

15 5 5 9 679 0.000000180

15 5 5 10 636 0.000000170

15 7 1 1 129 0.000000210

15 7 1 2 141 0.000000220

15 7 1 3 105 0.000000230

15 7 1 4 137 0.000000210

15 7 1 5 97 0.000000180

15 7 1 6 115 0.000000160

15 7 1 7 127 0.000000210

15 7 1 8 148 0.000000160

15 7 1 9 139 0.000000140

15 7 1 10 129 0.000000130

15 7 2 1 176 0.000000200

15 7 2 2 174 0.000000160

15 7 2 3 167 0.000000150

15 7 2 4 143 0.000000200

15 7 2 5 153 0.000000210

15 7 2 6 145 0.000000160

15 7 2 7 173 0.000000200

15 7 2 8 151 0.000000150

15 7 2 9 171 0.000000130

15 7 2 10 156 0.000000140

15 7 3 1 184 0.000000120

15 7 3 2 221 0.000000160

15 7 3 3 182 0.000000140

15 7 3 4 200 0.000000130

15 7 3 5 207 0.000000130

15 7 3 6 183 0.000000140

15 7 3 7 197 0.000000140

15 7 3 8 203 0.000000170

15 7 3 9 217 0.000000200

15 7 3 10 188 0.000000160

15 7 4 1 250 0.000000180

15 7 4 2 256 0.000000200

15 7 4 3 260 0.000000140

15 7 4 4 249 0.000000130

15 7 4 5 262 0.000000160

15 7 4 6 257 0.000000130

15 7 4 7 263 0.000000160

15 7 4 8 262 0.000000130

15 7 4 9 256 0.000000180

15 7 4 10 259 0.000000210

15 7 5 1 438 0.000000180

15 7 5 2 520 0.000000200

15 7 5 3 503 0.000000650

15 7 5 4 422 0.000000190

15 7 5 5 533 0.000000140

15 7 5 6 552 0.000000210

15 7 5 7 471 0.000000190

15 7 5 8 515 0.000000210

15 7 5 9 466 0.000000180

15 7 5 10 421 0.000000171

