5 2 1 1 129 0.000000110

5 2 1 2 130 0.000000110

5 2 1 3 164 0.000000070

5 2 1 4 141 0.000000060

5 2 1 5 145 0.000000060

5 2 1 6 183 0.000000080

5 2 1 7 171 0.000000060

5 2 1 8 95 0.000000050

5 2 1 9 161 0.000000070

5 2 1 10 171 0.000000050

5 2 2 1 169 0.000000070

5 2 2 2 211 0.000000050

5 2 2 3 170 0.000000060

5 2 2 4 166 0.000000070

5 2 2 5 186 0.000000070

5 2 2 6 252 0.000000060

5 2 2 7 167 0.000000070

5 2 2 8 231 0.000000070

5 2 2 9 188 0.000000070

5 2 2 10 190 0.000000050

5 2 3 1 219 0.000000050

5 2 3 2 230 0.000000040

5 2 3 3 185 0.000000070

5 2 3 4 201 0.000000060

5 2 3 5 216 0.000000070

5 2 3 6 254 0.000000060

5 2 3 7 199 0.000000070

5 2 3 8 210 0.000000060

5 2 3 9 204 0.000000060

5 2 3 10 217 0.000000070

5 2 4 1 277 0.000000060

5 2 4 2 248 0.000000090

5 2 4 3 263 0.000000050

5 2 4 4 266 0.000000090

5 2 4 5 253 0.000000070

5 2 4 6 270 0.000000060

5 2 4 7 275 0.000000060

5 2 4 8 274 0.000000070

5 2 4 9 272 0.000000050

5 2 4 10 269 0.000000070

5 2 5 1 466 0.000000080

5 2 5 2 499 0.000000070

5 2 5 3 472 0.000000070

5 2 5 4 444 0.000000070

5 2 5 5 588 0.000000070

5 2 5 6 555 0.000000070

5 2 5 7 513 0.000000060

5 2 5 8 487 0.000000060

5 2 5 9 672 0.000000060

5 2 5 10 627 0.000000070

5 3 1 1 95 0.000000090

5 3 1 2 112 0.000000080

5 3 1 3 89 0.000000050

5 3 1 4 90 0.000000100

5 3 1 5 138 0.000000080

5 3 1 6 100 0.000000060

5 3 1 7 105 0.000000070

5 3 1 8 107 0.000000070

5 3 1 9 94 0.000000080

5 3 1 10 88 0.000000070

5 3 2 1 118 0.000000060

5 3 2 2 139 0.000000050

5 3 2 3 125 0.000000070

5 3 2 4 135 0.000000070

5 3 2 5 119 0.000000050

5 3 2 6 148 0.000000060

5 3 2 7 146 0.000000070

5 3 2 8 145 0.000000080

5 3 2 9 91 0.000000060

5 3 2 10 106 0.000000050

5 3 3 1 176 0.000000070

5 3 3 2 148 0.000000100

5 3 3 3 125 0.000000060

5 3 3 4 118 0.000000070

5 3 3 5 151 0.000000080

5 3 3 6 137 0.000000080

5 3 3 7 124 0.000000050

5 3 3 8 137 0.000000070

5 3 3 9 113 0.000000090

5 3 3 10 156 0.000000060

5 3 4 1 175 0.000000070

5 3 4 2 175 0.000000060

5 3 4 3 183 0.000000070

5 3 4 4 171 0.000000060

5 3 4 5 174 0.000000060

5 3 4 6 178 0.000000070

5 3 4 7 177 0.000000070

5 3 4 8 178 0.000000070

5 3 4 9 172 0.000000070

5 3 4 10 179 0.000000060

5 3 5 1 314 0.000000070

5 3 5 2 460 0.000000110

5 3 5 3 340 0.000000060

5 3 5 4 266 0.000000070

5 3 5 5 425 0.000000060

5 3 5 6 381 0.000000070

5 3 5 7 408 0.000000060

5 3 5 8 391 0.000000060

5 3 5 9 372 0.000000060

5 3 5 10 345 0.000000060

6 2 1 1 122 0.000000070

6 2 1 2 155 0.000000060

6 2 1 3 214 0.000000080

6 2 1 4 133 0.000000070

6 2 1 5 130 0.000000070

6 2 1 6 195 0.000000070

6 2 1 7 125 0.000000070

6 2 1 8 225 0.000000060

6 2 1 9 104 0.000000070

6 2 1 10 160 0.000000060

6 2 2 1 219 0.000000060

6 2 2 2 148 0.000000060

6 2 2 3 228 0.000000080

6 2 2 4 186 0.000000060

6 2 2 5 187 0.000000060

6 2 2 6 177 0.000000060

6 2 2 7 210 0.000000060

6 2 2 8 189 0.000000060

6 2 2 9 183 0.000000060

6 2 2 10 196 0.000000070

6 2 3 1 231 0.000000060

6 2 3 2 241 0.000000060

6 2 3 3 231 0.000000070

6 2 3 4 234 0.000000060

6 2 3 5 219 0.000000070

6 2 3 6 211 0.000000050

6 2 3 7 252 0.000000080

6 2 3 8 224 0.000000060

6 2 3 9 232 0.000000070

6 2 3 10 203 0.000000060

6 2 4 1 271 0.000000050

6 2 4 2 277 0.000000080

6 2 4 3 268 0.000000060

6 2 4 4 292 0.000000070

6 2 4 5 276 0.000000070

6 2 4 6 267 0.000000090

6 2 4 7 265 0.000000060

6 2 4 8 282 0.000000060

6 2 4 9 271 0.000000060

6 2 4 10 281 0.000000060

6 2 5 1 571 0.000000060

6 2 5 2 798 0.000000070

6 2 5 3 738 0.000000070

6 2 5 4 481 0.000000070

6 2 5 5 840 0.000000070

6 2 5 6 742 0.000000070

6 2 5 7 466 0.000000060

6 2 5 8 596 0.000000080

6 2 5 9 636 0.000000060

6 2 5 10 557 0.000000080

6 3 1 1 102 0.000000120

6 3 1 2 99 0.000000080

6 3 1 3 122 0.000000070

6 3 1 4 83 0.000000090

6 3 1 5 125 0.000000080

6 3 1 6 92 0.000000080

6 3 1 7 126 0.000000070

6 3 1 8 144 0.000000080

6 3 1 9 125 0.000000070

6 3 1 10 100 0.000000080

6 3 2 1 133 0.000000110

6 3 2 2 140 0.000000060

6 3 2 3 110 0.000000080

6 3 2 4 164 0.000000080

6 3 2 5 139 0.000000070

6 3 2 6 149 0.000000080

6 3 2 7 139 0.000000080

6 3 2 8 128 0.000000070

6 3 2 9 146 0.000000070

6 3 2 10 162 0.000000080

6 3 3 1 143 0.000000080

6 3 3 2 153 0.000000070

6 3 3 3 167 0.000000080

6 3 3 4 142 0.000000070

6 3 3 5 181 0.000000080

6 3 3 6 168 0.000000110

6 3 3 7 168 0.000000080

6 3 3 8 154 0.000000070

6 3 3 9 159 0.000000080

6 3 3 10 173 0.000000080

6 3 4 1 179 0.000000090

6 3 4 2 183 0.000000100

6 3 4 3 177 0.000000090

6 3 4 4 188 0.000000070

6 3 4 5 173 0.000000070

6 3 4 6 178 0.000000080

6 3 4 7 187 0.000000080

6 3 4 8 190 0.000000080

6 3 4 9 192 0.000000070

6 3 4 10 185 0.000000080

6 3 5 1 325 0.000000060

6 3 5 2 469 0.000000070

6 3 5 3 470 0.000000080

6 3 5 4 357 0.000000070

6 3 5 5 394 0.000000070

6 3 5 6 433 0.000000080

6 3 5 7 468 0.000000080

6 3 5 8 401 0.000000070

6 3 5 9 383 0.000000090

6 3 5 10 467 0.000000060

7 2 1 1 249 0.000000080

7 2 1 2 128 0.000000070

7 2 1 3 106 0.000000080

7 2 1 4 196 0.000000070

7 2 1 5 198 0.000000070

7 2 1 6 214 0.000000070

7 2 1 7 201 0.000000060

7 2 1 8 156 0.000000060

7 2 1 9 144 0.000000070

7 2 1 10 137 0.000000060

7 2 2 1 199 0.000000090

7 2 2 2 232 0.000000080

7 2 2 3 250 0.000000090

7 2 2 4 240 0.000000080

7 2 2 5 227 0.000000070

7 2 2 6 234 0.000000070

7 2 2 7 257 0.000000090

7 2 2 8 225 0.000000080

7 2 2 9 273 0.000000070

7 2 2 10 198 0.000000090

7 2 3 1 255 0.000000080

7 2 3 2 308 0.000000090

7 2 3 3 340 0.000000060

7 2 3 4 286 0.000000060

7 2 3 5 272 0.000000070

7 2 3 6 292 0.000000060

7 2 3 7 280 0.000000080

7 2 3 8 280 0.000000090

7 2 3 9 296 0.000000060

7 2 3 10 295 0.000000070

7 2 4 1 340 0.000000070

7 2 4 2 360 0.000000060

7 2 4 3 349 0.000000090

7 2 4 4 357 0.000000080

7 2 4 5 356 0.000000070

7 2 4 6 356 0.000000091

7 2 4 7 350 0.000000071

7 2 4 8 352 0.000000080

7 2 4 9 357 0.000000091

7 2 4 10 363 0.000000100

7 2 5 1 924 0.000000060

7 2 5 2 849 0.000000089

7 2 5 3 664 0.000000080

7 2 5 4 524 0.000000069

7 2 5 5 726 0.000000069

7 2 5 6 876 0.000000080

7 2 5 7 810 0.000000069

7 2 5 8 718 0.000000080

7 2 5 9 758 0.000000069

7 2 5 10 700 0.000000071

7 3 1 1 152 0.000000071

7 3 1 2 151 0.000000080

7 3 1 3 124 0.000000080

7 3 1 4 106 0.000000109

7 3 1 5 137 0.000000089

7 3 1 6 119 0.000000080

7 3 1 7 74 0.000000069

7 3 1 8 124 0.000000080

7 3 1 9 98 0.000000080

7 3 1 10 98 0.000000080

7 3 2 1 154 0.000000091

7 3 2 2 208 0.000000100

7 3 2 3 199 0.000000120

7 3 2 4 143 0.000000080

7 3 2 5 188 0.000000080

7 3 2 6 144 0.000000080

7 3 2 7 162 0.000000111

7 3 2 8 160 0.000000100

7 3 2 9 183 0.000000080

7 3 2 10 125 0.000000080

7 3 3 1 228 0.000000080

7 3 3 2 202 0.000000100

7 3 3 3 244 0.000000091

7 3 3 4 203 0.000000080

7 3 3 5 187 0.000000091

7 3 3 6 194 0.000000100

7 3 3 7 176 0.000000100

7 3 3 8 183 0.000000091

7 3 3 9 228 0.000000091

7 3 3 10 210 0.000000091

7 3 4 1 263 0.000000071

7 3 4 2 267 0.000000069

7 3 4 3 275 0.000000111

7 3 4 4 266 0.000000080

7 3 4 5 269 0.000000080

7 3 4 6 251 0.000000080

7 3 4 7 272 0.000000080

7 3 4 8 275 0.000000080

7 3 4 9 261 0.000000080

7 3 4 10 271 0.000000080

7 3 5 1 404 0.000000080

7 3 5 2 291 0.000000080

7 3 5 3 433 0.000000080

7 3 5 4 621 0.000000080

7 3 5 5 545 0.000000111

7 3 5 6 351 0.000000080

7 3 5 7 495 0.000000080

7 3 5 8 505 0.000000080

7 3 5 9 556 0.000000089

7 3 5 10 432 0.000000080

10 3 1 1 151 0.000000109

10 3 1 2 216 0.000000100

10 3 1 3 185 0.000000100

10 3 1 4 223 0.000000100

10 3 1 5 128 0.000000109

10 3 1 6 193 0.000000100

10 3 1 7 180 0.000000109

10 3 1 8 139 0.000000100

10 3 1 9 187 0.000000100

10 3 1 10 185 0.000000091

10 3 2 1 203 0.000000089

10 3 2 2 210 0.000000100

10 3 2 3 254 0.000000100

10 3 2 4 241 0.000000100

10 3 2 5 229 0.000000090

10 3 2 6 246 0.000000110

10 3 2 7 233 0.000000090

10 3 2 8 221 0.000000100

10 3 2 9 203 0.000000100

10 3 2 10 247 0.000000090

10 3 3 1 314 0.000000090

10 3 3 2 297 0.000000100

10 3 3 3 271 0.000000090

10 3 3 4 320 0.000000100

10 3 3 5 273 0.000000090

10 3 3 6 313 0.000000090

10 3 3 7 294 0.000000090

10 3 3 8 288 0.000000100

10 3 3 9 283 0.000000100

10 3 3 10 282 0.000000100

10 3 4 1 354 0.000000090

10 3 4 2 359 0.000000090

10 3 4 3 345 0.000000100

10 3 4 4 354 0.000000100

10 3 4 5 359 0.000000090

10 3 4 6 346 0.000000130

10 3 4 7 349 0.000000130

10 3 4 8 342 0.000000120

10 3 4 9 364 0.000000110

10 3 4 10 355 0.000000100

10 3 5 1 670 0.000000100

10 3 5 2 755 0.000000100

10 3 5 3 657 0.000000100

10 3 5 4 609 0.000000100

10 3 5 5 827 0.000000100

10 3 5 6 676 0.000000100

10 3 5 7 795 0.000000110

10 3 5 8 601 0.000000110

10 3 5 9 591 0.000000100

10 3 5 10 745 0.000000100

10 5 1 1 89 0.000000150

10 5 1 2 148 0.000000130

10 5 1 3 103 0.000000110

10 5 1 4 112 0.000000130

10 5 1 5 99 0.000000110

10 5 1 6 132 0.000000100

10 5 1 7 121 0.000000100

10 5 1 8 134 0.000000110

10 5 1 9 142 0.000000120

10 5 1 10 113 0.000000090

10 5 2 1 151 0.000000140

10 5 2 2 162 0.000000130

10 5 2 3 152 0.000000130

10 5 2 4 128 0.000000120

10 5 2 5 153 0.000000110

10 5 2 6 144 0.000000120

10 5 2 7 128 0.000000130

10 5 2 8 155 0.000000110

10 5 2 9 129 0.000000100

10 5 2 10 111 0.000000090

10 5 3 1 151 0.000000110

10 5 3 2 171 0.000000140

10 5 3 3 152 0.000000130

10 5 3 4 161 0.000000120

10 5 3 5 151 0.000000110

10 5 3 6 156 0.000000120

10 5 3 7 167 0.000000120

10 5 3 8 148 0.000000100

10 5 3 9 150 0.000000110

10 5 3 10 155 0.000000120

10 5 4 1 182 0.000000120

10 5 4 2 184 0.000000110

10 5 4 3 188 0.000000120

10 5 4 4 181 0.000000120

10 5 4 5 187 0.000000120

10 5 4 6 192 0.000000110

10 5 4 7 183 0.000000120

10 5 4 8 188 0.000000110

10 5 4 9 188 0.000000110

10 5 4 10 183 0.000000090

10 5 5 1 378 0.000000110

10 5 5 2 381 0.000000110

10 5 5 3 396 0.000000100

10 5 5 4 406 0.000000100

10 5 5 5 441 0.000000130

10 5 5 6 446 0.000000120

10 5 5 7 442 0.000000120

10 5 5 8 457 0.000000130

10 5 5 9 407 0.000000150

10 5 5 10 369 0.000000150

10 7 1 1 93 0.000000210

10 7 1 2 81 0.000000170

10 7 1 3 98 0.000000160

10 7 1 4 93 0.000000130

10 7 1 5 99 0.000000120

10 7 1 6 86 0.000000140

10 7 1 7 94 0.000000130

10 7 1 8 95 0.000000140

10 7 1 9 120 0.000000140

10 7 1 10 96 0.000000150

10 7 2 1 115 0.000000150

10 7 2 2 119 0.000000150

10 7 2 3 115 0.000000140

10 7 2 4 129 0.000000140

10 7 2 5 109 0.000000140

10 7 2 6 108 0.000000130

10 7 2 7 99 0.000000120

10 7 2 8 123 0.000000130

10 7 2 9 107 0.000000140

10 7 2 10 111 0.000000130

10 7 3 1 145 0.000000140

10 7 3 2 143 0.000000120

10 7 3 3 133 0.000000110

10 7 3 4 150 0.000000130

10 7 3 5 160 0.000000130

10 7 3 6 134 0.000000130

10 7 3 7 132 0.000000120

10 7 3 8 126 0.000000140

10 7 3 9 138 0.000000110

10 7 3 10 152 0.000000120

10 7 4 1 170 0.000000140

10 7 4 2 171 0.000000140

10 7 4 3 178 0.000000110

10 7 4 4 167 0.000000140

10 7 4 5 182 0.000000140

10 7 4 6 171 0.000000130

10 7 4 7 180 0.000000130

10 7 4 8 165 0.000000130

10 7 4 9 166 0.000000140

10 7 4 10 171 0.000000120

10 7 5 1 326 0.000000150

10 7 5 2 323 0.000000130

10 7 5 3 365 0.000000140

10 7 5 4 344 0.000000120

10 7 5 5 282 0.000000120

10 7 5 6 297 0.000000140

10 7 5 7 373 0.000000130

10 7 5 8 310 0.000000170

10 7 5 9 273 0.000000130

10 7 5 10 404 0.000000130

12 3 1 1 214 0.000000160

12 3 1 2 249 0.000000140

12 3 1 3 192 0.000000140

12 3 1 4 294 0.000000160

12 3 1 5 224 0.000000140

12 3 1 6 226 0.000000130

12 3 1 7 182 0.000000160

12 3 1 8 206 0.000000150

12 3 1 9 231 0.000000140

12 3 1 10 233 0.000000130

12 3 2 1 265 0.000000150

12 3 2 2 306 0.000000130

12 3 2 3 242 0.000000140

12 3 2 4 279 0.000000120

12 3 2 5 273 0.000000130

12 3 2 6 257 0.000000150

12 3 2 7 261 0.000000150

12 3 2 8 334 0.000000160

12 3 2 9 292 0.000000180

12 3 2 10 279 0.000000150

12 3 3 1 311 0.000000140

12 3 3 2 295 0.000000160

12 3 3 3 290 0.000000160

12 3 3 4 301 0.000000140

12 3 3 5 284 0.000000130

12 3 3 6 334 0.000000150

12 3 3 7 318 0.000000140

12 3 3 8 318 0.000000130

12 3 3 9 281 0.000000120

12 3 3 10 294 0.000000140

12 3 4 1 360 0.000000150

12 3 4 2 359 0.000000120

12 3 4 3 363 0.000000140

12 3 4 4 359 0.000000140

12 3 4 5 368 0.000000130

12 3 4 6 360 0.000000130

12 3 4 7 370 0.000000120

12 3 4 8 353 0.000000150

12 3 4 9 363 0.000000150

12 3 4 10 365 0.000000140

12 3 5 1 760 0.000000150

12 3 5 2 774 0.000000130

12 3 5 3 776 0.000000130

12 3 5 4 743 0.000000120

12 3 5 5 839 0.000000150

12 3 5 6 816 0.000000170

12 3 5 7 719 0.000000130

12 3 5 8 730 0.000000140

12 3 5 9 703 0.000000180

12 3 5 10 654 0.000000130

12 5 1 1 123 0.000000160

12 5 1 2 114 0.000000120

12 5 1 3 158 0.000000170

12 5 1 4 146 0.000000120

12 5 1 5 164 0.000000120

12 5 1 6 141 0.000000110

12 5 1 7 142 0.000000160

12 5 1 8 174 0.000000130

12 5 1 9 136 0.000000120

12 5 1 10 115 0.000000110

12 5 2 1 165 0.000000150

12 5 2 2 213 0.000000130

12 5 2 3 184 0.000000160

12 5 2 4 172 0.000000160

12 5 2 5 162 0.000000150

12 5 2 6 176 0.000000130

12 5 2 7 190 0.000000120

12 5 2 8 165 0.000000160

12 5 2 9 205 0.000000160

12 5 2 10 182 0.000000170

12 5 3 1 208 0.000000130

12 5 3 2 211 0.000000120

12 5 3 3 214 0.000000130

12 5 3 4 200 0.000000150

12 5 3 5 214 0.000000120

12 5 3 6 232 0.000000170

12 5 3 7 214 0.000000120

12 5 3 8 219 0.000000140

12 5 3 9 210 0.000000110

12 5 3 10 194 0.000000160

12 5 4 1 258 0.000000170

12 5 4 2 266 0.000000120

12 5 4 3 255 0.000000130

12 5 4 4 262 0.000000130

12 5 4 5 265 0.000000110

12 5 4 6 269 0.000000130

12 5 4 7 255 0.000000120

12 5 4 8 265 0.000000130

12 5 4 9 261 0.000000120

12 5 4 10 262 0.000000130

12 5 5 1 491 0.000000120

12 5 5 2 604 0.000000120

12 5 5 3 514 0.000000150

12 5 5 4 497 0.000000160

12 5 5 5 475 0.000000130

12 5 5 6 614 0.000000130

12 5 5 7 464 0.000000120

12 5 5 8 470 0.000000120

12 5 5 9 480 0.000000130

12 5 5 10 513 0.000000130

12 7 1 1 118 0.000000180

12 7 1 2 129 0.000000130

12 7 1 3 112 0.000000160

12 7 1 4 119 0.000000150

12 7 1 5 94 0.000000140

12 7 1 6 105 0.000000130

12 7 1 7 96 0.000000130

12 7 1 8 107 0.000000130

12 7 1 9 99 0.000000130

12 7 1 10 85 0.000000130

12 7 2 1 144 0.000000130

12 7 2 2 123 0.000000130

12 7 2 3 122 0.000000170

12 7 2 4 138 0.000000160

12 7 2 5 132 0.000000140

12 7 2 6 117 0.000000150

12 7 2 7 132 0.000000190

12 7 2 8 154 0.000000170

12 7 2 9 151 0.000000160

12 7 2 10 112 0.000000130

12 7 3 1 155 0.000000180

12 7 3 2 126 0.000000140

12 7 3 3 154 0.000000140

12 7 3 4 142 0.000000130

12 7 3 5 148 0.000000140

12 7 3 6 174 0.000000150

12 7 3 7 147 0.000000140

12 7 3 8 149 0.000000150

12 7 3 9 160 0.000000130

12 7 3 10 146 0.000000130

12 7 4 1 178 0.000000140

12 7 4 2 180 0.000000120

12 7 4 3 178 0.000000170

12 7 4 4 175 0.000000140

12 7 4 5 184 0.000000140

12 7 4 6 174 0.000000140

12 7 4 7 171 0.000000140

12 7 4 8 182 0.000000150

12 7 4 9 179 0.000000140

12 7 4 10 168 0.000000140

12 7 5 1 376 0.000000140

12 7 5 2 349 0.000000130

12 7 5 3 443 0.000000120

12 7 5 4 342 0.000000130

12 7 5 5 305 0.000000130

12 7 5 6 406 0.000000130

12 7 5 7 285 0.000000210

12 7 5 8 394 0.000000140

12 7 5 9 370 0.000000140

12 7 5 10 433 0.000000140

15 3 1 1 254 0.000000130

15 3 1 2 300 0.000000180

15 3 1 3 252 0.000000170

15 3 1 4 282 0.000000150

15 3 1 5 298 0.000000140

15 3 1 6 255 0.000000130

15 3 1 7 223 0.000000130

15 3 1 8 282 0.000000120

15 3 1 9 254 0.000000130

15 3 1 10 318 0.000000140

15 3 2 1 323 0.000000140

15 3 2 2 377 0.000000130

15 3 2 3 361 0.000000140

15 3 2 4 271 0.000000140

15 3 2 5 352 0.000000140

15 3 2 6 303 0.000000110

15 3 2 7 323 0.000000140

15 3 2 8 312 0.000000160

15 3 2 9 285 0.000000150

15 3 2 10 318 0.000000140

15 3 3 1 393 0.000000140

15 3 3 2 381 0.000000140

15 3 3 3 381 0.000000160

15 3 3 4 387 0.000000150

15 3 3 5 407 0.000000140

15 3 3 6 362 0.000000190

15 3 3 7 395 0.000000140

15 3 3 8 372 0.000000140

15 3 3 9 342 0.000000130

15 3 3 10 406 0.000000140

15 3 4 1 439 0.000000130

15 3 4 2 430 0.000000170

15 3 4 3 456 0.000000140

15 3 4 4 463 0.000000270

15 3 4 5 446 0.000000140

15 3 4 6 455 0.000000130

15 3 4 7 460 0.000000130

15 3 4 8 451 0.000000160

15 3 4 9 443 0.000000150

15 3 4 10 451 0.000000130

15 3 5 1 1067 0.000000140

15 3 5 2 952 0.000000160

15 3 5 3 909 0.000000170

15 3 5 4 898 0.000000140

15 3 5 5 963 0.000000140

15 3 5 6 991 0.000000140

15 3 5 7 1048 0.000000140

15 3 5 8 1067 0.000000140

15 3 5 9 911 0.000000130

15 3 5 10 861 0.000000140

15 5 1 1 175 0.000000180

15 5 1 2 143 0.000000150

15 5 1 3 178 0.000000160

15 5 1 4 174 0.000000191

15 5 1 5 183 0.000000140

15 5 1 6 171 0.000000131

15 5 1 7 167 0.000000160

15 5 1 8 166 0.000000189

15 5 1 9 123 0.000000151

15 5 1 10 175 0.000000140

15 5 2 1 191 0.000000189

15 5 2 2 207 0.000000149

15 5 2 3 195 0.000000140

15 5 2 4 228 0.000000131

15 5 2 5 175 0.000000160

15 5 2 6 200 0.000000140

15 5 2 7 196 0.000000140

15 5 2 8 221 0.000000160

15 5 2 9 190 0.000000180

15 5 2 10 196 0.000000140

15 5 3 1 219 0.000000140

15 5 3 2 228 0.000000140

15 5 3 3 241 0.000000200

15 5 3 4 226 0.000000160

15 5 3 5 246 0.000000151

15 5 3 6 218 0.000000140

15 5 3 7 237 0.000000211

15 5 3 8 230 0.000000189

15 5 3 9 218 0.000000200

15 5 3 10 221 0.000000200

15 5 4 1 273 0.000000160

15 5 4 2 269 0.000000151

15 5 4 3 274 0.000000151

15 5 4 4 272 0.000000140

15 5 4 5 268 0.000000149

15 5 4 6 279 0.000000151

15 5 4 7 275 0.000000140

15 5 4 8 268 0.000000160

15 5 4 9 284 0.000000189

15 5 4 10 273 0.000000180

15 5 5 1 588 0.000000149

15 5 5 2 586 0.000000160

15 5 5 3 548 0.000000160

15 5 5 4 522 0.000000191

15 5 5 5 591 0.000000180

15 5 5 6 566 0.000000129

15 5 5 7 504 0.000000149

15 5 5 8 536 0.000000140

15 5 5 9 620 0.000000140

15 5 5 10 623 0.000000109

15 7 1 1 115 0.000000220

15 7 1 2 136 0.000000229

15 7 1 3 98 0.000000780

15 7 1 4 123 0.000000200

15 7 1 5 92 0.000000209

15 7 1 6 108 0.000000220

15 7 1 7 100 0.000000180

15 7 1 8 130 0.000000180

15 7 1 9 137 0.000000220

15 7 1 10 121 0.000000211

15 7 2 1 167 0.000000200

15 7 2 2 174 0.000000220

15 7 2 3 169 0.000000160

15 7 2 4 135 0.000000180

15 7 2 5 145 0.000000209

15 7 2 6 139 0.000000180

15 7 2 7 164 0.000000191

15 7 2 8 144 0.000000240

15 7 2 9 165 0.000000200

15 7 2 10 143 0.000000171

15 7 3 1 186 0.000000200

15 7 3 2 214 0.000000209

15 7 3 3 180 0.000000160

15 7 3 4 195 0.000000160

15 7 3 5 200 0.000000171

15 7 3 6 184 0.000000200

15 7 3 7 200 0.000000170

15 7 3 8 195 0.000000200

15 7 3 9 197 0.000000170

15 7 3 10 197 0.000000220

15 7 4 1 252 0.000000180

15 7 4 2 256 0.000000160

15 7 4 3 262 0.000000170

15 7 4 4 251 0.000000210

15 7 4 5 257 0.000000210

15 7 4 6 262 0.000000180

15 7 4 7 259 0.000000160

15 7 4 8 264 0.000000160

15 7 4 9 255 0.000000210

15 7 4 10 256 0.000000200

15 7 5 1 443 0.000000170

15 7 5 2 548 0.000000200

15 7 5 3 496 0.000000190

15 7 5 4 376 0.000000170

15 7 5 5 479 0.000000150

15 7 5 6 483 0.000000210

15 7 5 7 420 0.000000200

15 7 5 8 473 0.000000200

15 7 5 9 434 0.000000670

15 7 5 10 413 0.000000210

