5 2 1 1 139 0.000000090

5 2 1 2 143 0.000000060

5 2 1 3 164 0.000000060

5 2 1 4 142 0.000000070

5 2 1 5 145 0.000000070

5 2 1 6 183 0.000000070

5 2 1 7 173 0.000000070

5 2 1 8 116 0.000000050

5 2 1 9 161 0.000000050

5 2 1 10 171 0.000000060

5 2 2 1 176 0.000000070

5 2 2 2 207 0.000000060

5 2 2 3 154 0.000000070

5 2 2 4 167 0.000000070

5 2 2 5 186 0.000000050

5 2 2 6 252 0.000000050

5 2 2 7 167 0.000000060

5 2 2 8 228 0.000000060

5 2 2 9 188 0.000000080

5 2 2 10 176 0.000000080

5 2 3 1 236 0.000000070

5 2 3 2 230 0.000000070

5 2 3 3 185 0.000000050

5 2 3 4 201 0.000000060

5 2 3 5 216 0.000000070

5 2 3 6 254 0.000000070

5 2 3 7 227 0.000000060

5 2 3 8 224 0.000000050

5 2 3 9 233 0.000000060

5 2 3 10 211 0.000000060

5 2 4 1 276 0.000000040

5 2 4 2 250 0.000000060

5 2 4 3 258 0.000000050

5 2 4 4 266 0.000000060

5 2 4 5 262 0.000000040

5 2 4 6 270 0.000000080

5 2 4 7 275 0.000000070

5 2 4 8 274 0.000000050

5 2 4 9 272 0.000000070

5 2 4 10 270 0.000000070

5 2 5 1 488 0.000000070

5 2 5 2 503 0.000000060

5 2 5 3 444 0.000000060

5 2 5 4 493 0.000000060

5 2 5 5 588 0.000000070

5 2 5 6 532 0.000000070

5 2 5 7 536 0.000000070

5 2 5 8 487 0.000000060

5 2 5 9 672 0.000000070

5 2 5 10 627 0.000000070

5 3 1 1 96 0.000000100

5 3 1 2 112 0.000000070

5 3 1 3 89 0.000000090

5 3 1 4 90 0.000000080

5 3 1 5 154 0.000000110

5 3 1 6 105 0.000000070

5 3 1 7 107 0.000000090

5 3 1 8 107 0.000000080

5 3 1 9 106 0.000000080

5 3 1 10 88 0.000000080

5 3 2 1 118 0.000000070

5 3 2 2 141 0.000000070

5 3 2 3 141 0.000000100

5 3 2 4 140 0.000000080

5 3 2 5 123 0.000000080

5 3 2 6 145 0.000000060

5 3 2 7 162 0.000000070

5 3 2 8 145 0.000000070

5 3 2 9 91 0.000000090

5 3 2 10 106 0.000000080

5 3 3 1 165 0.000000080

5 3 3 2 148 0.000000080

5 3 3 3 129 0.000000070

5 3 3 4 118 0.000000080

5 3 3 5 151 0.000000080

5 3 3 6 137 0.000000080

5 3 3 7 124 0.000000060

5 3 3 8 143 0.000000090

5 3 3 9 113 0.000000090

5 3 3 10 156 0.000000140

5 3 4 1 180 0.000000080

5 3 4 2 175 0.000000080

5 3 4 3 183 0.000000070

5 3 4 4 171 0.000000080

5 3 4 5 175 0.000000070

5 3 4 6 175 0.000000070

5 3 4 7 177 0.000000060

5 3 4 8 178 0.000000130

5 3 4 9 172 0.000000100

5 3 4 10 186 0.000000080

5 3 5 1 314 0.000000080

5 3 5 2 460 0.000000080

5 3 5 3 340 0.000000070

5 3 5 4 266 0.000000080

5 3 5 5 433 0.000000090

5 3 5 6 381 0.000000060

5 3 5 7 408 0.000000080

5 3 5 8 418 0.000000050

5 3 5 9 372 0.000000080

5 3 5 10 345 0.000000060

6 2 1 1 123 0.000000110

6 2 1 2 155 0.000000080

6 2 1 3 212 0.000000080

6 2 1 4 133 0.000000080

6 2 1 5 149 0.000000080

6 2 1 6 195 0.000000090

6 2 1 7 118 0.000000070

6 2 1 8 229 0.000000080

6 2 1 9 104 0.000000080

6 2 1 10 160 0.000000070

6 2 2 1 219 0.000000100

6 2 2 2 156 0.000000080

6 2 2 3 231 0.000000090

6 2 2 4 192 0.000000080

6 2 2 5 182 0.000000060

6 2 2 6 177 0.000000080

6 2 2 7 210 0.000000080

6 2 2 8 181 0.000000080

6 2 2 9 197 0.000000090

6 2 2 10 206 0.000000100

6 2 3 1 230 0.000000090

6 2 3 2 239 0.000000080

6 2 3 3 229 0.000000080

6 2 3 4 234 0.000000090

6 2 3 5 222 0.000000080

6 2 3 6 212 0.000000070

6 2 3 7 247 0.000000080

6 2 3 8 226 0.000000100

6 2 3 9 235 0.000000090

6 2 3 10 203 0.000000110

6 2 4 1 273 0.000000090

6 2 4 2 275 0.000000100

6 2 4 3 268 0.000000090

6 2 4 4 292 0.000000090

6 2 4 5 276 0.000000060

6 2 4 6 269 0.000000090

6 2 4 7 265 0.000000090

6 2 4 8 282 0.000000080

6 2 4 9 271 0.000000070

6 2 4 10 279 0.000000080

6 2 5 1 568 0.000000080

6 2 5 2 798 0.000000070

6 2 5 3 725 0.000000060

6 2 5 4 517 0.000000090

6 2 5 5 841 0.000000080

6 2 5 6 731 0.000000090

6 2 5 7 477 0.000000080

6 2 5 8 607 0.000000080

6 2 5 9 619 0.000000080

6 2 5 10 557 0.000000090

6 3 1 1 102 0.000000110

6 3 1 2 99 0.000000080

6 3 1 3 122 0.000000090

6 3 1 4 83 0.000000090

6 3 1 5 130 0.000000080

6 3 1 6 92 0.000000060

6 3 1 7 126 0.000000080

6 3 1 8 144 0.000000080

6 3 1 9 131 0.000000090

6 3 1 10 101 0.000000070

6 3 2 1 126 0.000000070

6 3 2 2 119 0.000000080

6 3 2 3 122 0.000000080

6 3 2 4 172 0.000000070

6 3 2 5 139 0.000000080

6 3 2 6 146 0.000000080

6 3 2 7 139 0.000000090

6 3 2 8 132 0.000000080

6 3 2 9 146 0.000000070

6 3 2 10 162 0.000000080

6 3 3 1 145 0.000000080

6 3 3 2 159 0.000000080

6 3 3 3 167 0.000000070

6 3 3 4 142 0.000000080

6 3 3 5 181 0.000000090

6 3 3 6 169 0.000000110

6 3 3 7 168 0.000000100

6 3 3 8 157 0.000000090

6 3 3 9 159 0.000000080

6 3 3 10 161 0.000000100

6 3 4 1 179 0.000000070

6 3 4 2 183 0.000000080

6 3 4 3 177 0.000000100

6 3 4 4 188 0.000000090

6 3 4 5 173 0.000000070

6 3 4 6 178 0.000000100

6 3 4 7 190 0.000000080

6 3 4 8 190 0.000000090

6 3 4 9 193 0.000000070

6 3 4 10 185 0.000000100

6 3 5 1 325 0.000000090

6 3 5 2 469 0.000000100

6 3 5 3 470 0.000000090

6 3 5 4 370 0.000000090

6 3 5 5 394 0.000000080

6 3 5 6 433 0.000000080

6 3 5 7 468 0.000000070

6 3 5 8 401 0.000000090

6 3 5 9 417 0.000000090

6 3 5 10 473 0.000000090

7 2 1 1 249 0.000000080

7 2 1 2 144 0.000000060

7 2 1 3 106 0.000000080

7 2 1 4 202 0.000000100

7 2 1 5 209 0.000000060

7 2 1 6 219 0.000000070

7 2 1 7 201 0.000000090

7 2 1 8 169 0.000000080

7 2 1 9 144 0.000000080

7 2 1 10 135 0.000000080

7 2 2 1 194 0.000000080

7 2 2 2 231 0.000000070

7 2 2 3 254 0.000000070

7 2 2 4 240 0.000000090

7 2 2 5 228 0.000000080

7 2 2 6 238 0.000000070

7 2 2 7 249 0.000000080

7 2 2 8 221 0.000000090

7 2 2 9 289 0.000000080

7 2 2 10 193 0.000000080

7 2 3 1 252 0.000000070

7 2 3 2 313 0.000000090

7 2 3 3 339 0.000000080

7 2 3 4 289 0.000000080

7 2 3 5 270 0.000000080

7 2 3 6 283 0.000000070

7 2 3 7 280 0.000000070

7 2 3 8 288 0.000000070

7 2 3 9 304 0.000000090

7 2 3 10 286 0.000000080

7 2 4 1 340 0.000000100

7 2 4 2 361 0.000000080

7 2 4 3 354 0.000000080

7 2 4 4 361 0.000000070

7 2 4 5 351 0.000000080

7 2 4 6 358 0.000000070

7 2 4 7 352 0.000000090

7 2 4 8 351 0.000000080

7 2 4 9 369 0.000000080

7 2 4 10 367 0.000000080

7 2 5 1 924 0.000000090

7 2 5 2 857 0.000000090

7 2 5 3 667 0.000000080

7 2 5 4 515 0.000000090

7 2 5 5 742 0.000000090

7 2 5 6 882 0.000000090

7 2 5 7 793 0.000000080

7 2 5 8 724 0.000000080

7 2 5 9 798 0.000000090

7 2 5 10 695 0.000000080

7 3 1 1 159 0.000000070

7 3 1 2 151 0.000000060

7 3 1 3 134 0.000000080

7 3 1 4 109 0.000000080

7 3 1 5 137 0.000000090

7 3 1 6 117 0.000000100

7 3 1 7 75 0.000000080

7 3 1 8 135 0.000000080

7 3 1 9 128 0.000000090

7 3 1 10 102 0.000000090

7 3 2 1 155 0.000000110

7 3 2 2 213 0.000000090

7 3 2 3 199 0.000000120

7 3 2 4 144 0.000000090

7 3 2 5 176 0.000000080

7 3 2 6 144 0.000000080

7 3 2 7 172 0.000000089

7 3 2 8 160 0.000000080

7 3 2 9 183 0.000000080

7 3 2 10 125 0.000000080

7 3 3 1 228 0.000000080

7 3 3 2 208 0.000000080

7 3 3 3 246 0.000000080

7 3 3 4 201 0.000000080

7 3 3 5 201 0.000000080

7 3 3 6 205 0.000000080

7 3 3 7 176 0.000000091

7 3 3 8 194 0.000000071

7 3 3 9 224 0.000000080

7 3 3 10 210 0.000000080

7 3 4 1 262 0.000000089

7 3 4 2 268 0.000000100

7 3 4 3 275 0.000000089

7 3 4 4 270 0.000000080

7 3 4 5 276 0.000000091

7 3 4 6 251 0.000000080

7 3 4 7 272 0.000000080

7 3 4 8 273 0.000000080

7 3 4 9 261 0.000000080

7 3 4 10 271 0.000000100

7 3 5 1 422 0.000000091

7 3 5 2 321 0.000000080

7 3 5 3 483 0.000000089

7 3 5 4 618 0.000000109

7 3 5 5 558 0.000000091

7 3 5 6 356 0.000000080

7 3 5 7 495 0.000000109

7 3 5 8 511 0.000000100

7 3 5 9 597 0.000000091

7 3 5 10 447 0.000000080

10 3 1 1 145 0.000000120

10 3 1 2 205 0.000000111

10 3 1 3 194 0.000000109

10 3 1 4 223 0.000000109

10 3 1 5 134 0.000000100

10 3 1 6 192 0.000000111

10 3 1 7 183 0.000000111

10 3 1 8 157 0.000000109

10 3 1 9 188 0.000000109

10 3 1 10 184 0.000000111

10 3 2 1 206 0.000000120

10 3 2 2 206 0.000000111

10 3 2 3 271 0.000000100

10 3 2 4 241 0.000000100

10 3 2 5 234 0.000000129

10 3 2 6 234 0.000000120

10 3 2 7 237 0.000000120

10 3 2 8 222 0.000000131

10 3 2 9 201 0.000000140

10 3 2 10 241 0.000000120

10 3 3 1 314 0.000000111

10 3 3 2 295 0.000000131

10 3 3 3 273 0.000000129

10 3 3 4 319 0.000000129

10 3 3 5 281 0.000000120

10 3 3 6 313 0.000000109

10 3 3 7 300 0.000000120

10 3 3 8 307 0.000000100

10 3 3 9 291 0.000000120

10 3 3 10 282 0.000000120

10 3 4 1 354 0.000000100

10 3 4 2 359 0.000000111

10 3 4 3 343 0.000000120

10 3 4 4 357 0.000000109

10 3 4 5 359 0.000000111

10 3 4 6 344 0.000000109

10 3 4 7 350 0.000000129

10 3 4 8 345 0.000000120

10 3 4 9 362 0.000000111

10 3 4 10 356 0.000000100

10 3 5 1 647 0.000000131

10 3 5 2 743 0.000000120

10 3 5 3 730 0.000000109

10 3 5 4 621 0.000000131

10 3 5 5 852 0.000000130

10 3 5 6 693 0.000000120

10 3 5 7 796 0.000000110

10 3 5 8 608 0.000000110

10 3 5 9 600 0.000000250

10 3 5 10 745 0.000000120

10 5 1 1 95 0.000000160

10 5 1 2 144 0.000000120

10 5 1 3 106 0.000000140

10 5 1 4 110 0.000000130

10 5 1 5 103 0.000000110

10 5 1 6 131 0.000000110

10 5 1 7 141 0.000000090

10 5 1 8 135 0.000000110

10 5 1 9 142 0.000000130

10 5 1 10 126 0.000000170

10 5 2 1 150 0.000000110

10 5 2 2 167 0.000000110

10 5 2 3 153 0.000000100

10 5 2 4 134 0.000000140

10 5 2 5 149 0.000000140

10 5 2 6 147 0.000000110

10 5 2 7 137 0.000000140

10 5 2 8 147 0.000000110

10 5 2 9 139 0.000000150

10 5 2 10 111 0.000000110

10 5 3 1 147 0.000000110

10 5 3 2 173 0.000000110

10 5 3 3 152 0.000000110

10 5 3 4 164 0.000000110

10 5 3 5 159 0.000000110

10 5 3 6 156 0.000000110

10 5 3 7 168 0.000000140

10 5 3 8 142 0.000000140

10 5 3 9 160 0.000000130

10 5 3 10 161 0.000000120

10 5 4 1 180 0.000000140

10 5 4 2 184 0.000000150

10 5 4 3 188 0.000000110

10 5 4 4 182 0.000000110

10 5 4 5 187 0.000000110

10 5 4 6 193 0.000000110

10 5 4 7 181 0.000000110

10 5 4 8 188 0.000000110

10 5 4 9 184 0.000000200

10 5 4 10 181 0.000000140

10 5 5 1 378 0.000000130

10 5 5 2 381 0.000000150

10 5 5 3 394 0.000000110

10 5 5 4 406 0.000000110

10 5 5 5 447 0.000000110

10 5 5 6 454 0.000000110

10 5 5 7 440 0.000000140

10 5 5 8 480 0.000000120

10 5 5 9 416 0.000000110

10 5 5 10 378 0.000000110

10 7 1 1 93 0.000000180

10 7 1 2 81 0.000000130

10 7 1 3 98 0.000000150

10 7 1 4 93 0.000000130

10 7 1 5 99 0.000000180

10 7 1 6 86 0.000000130

10 7 1 7 94 0.000000120

10 7 1 8 95 0.000000120

10 7 1 9 120 0.000000130

10 7 1 10 111 0.000000130

10 7 2 1 110 0.000000130

10 7 2 2 108 0.000000130

10 7 2 3 129 0.000000120

10 7 2 4 129 0.000000130

10 7 2 5 127 0.000000130

10 7 2 6 108 0.000000130

10 7 2 7 99 0.000000130

10 7 2 8 140 0.000000130

10 7 2 9 107 0.000000130

10 7 2 10 133 0.000000130

10 7 3 1 153 0.000000120

10 7 3 2 146 0.000000130

10 7 3 3 135 0.000000130

10 7 3 4 146 0.000000130

10 7 3 5 160 0.000000130

10 7 3 6 136 0.000000150

10 7 3 7 141 0.000000140

10 7 3 8 141 0.000000130

10 7 3 9 146 0.000000120

10 7 3 10 148 0.000000120

10 7 4 1 178 0.000000120

10 7 4 2 172 0.000000130

10 7 4 3 178 0.000000120

10 7 4 4 167 0.000000130

10 7 4 5 182 0.000000120

10 7 4 6 175 0.000000130

10 7 4 7 180 0.000000130

10 7 4 8 165 0.000000130

10 7 4 9 168 0.000000130

10 7 4 10 171 0.000000130

10 7 5 1 345 0.000000130

10 7 5 2 323 0.000000130

10 7 5 3 371 0.000000130

10 7 5 4 380 0.000000130

10 7 5 5 282 0.000000150

10 7 5 6 297 0.000000140

10 7 5 7 409 0.000000130

10 7 5 8 310 0.000000130

10 7 5 9 277 0.000000130

10 7 5 10 423 0.000000130

12 3 1 1 222 0.000000130

12 3 1 2 249 0.000000120

12 3 1 3 197 0.000000120

12 3 1 4 294 0.000000110

12 3 1 5 219 0.000000110

12 3 1 6 241 0.000000110

12 3 1 7 176 0.000000120

12 3 1 8 210 0.000000100

12 3 1 9 236 0.000000120

12 3 1 10 229 0.000000110

12 3 2 1 281 0.000000110

12 3 2 2 306 0.000000110

12 3 2 3 240 0.000000120

12 3 2 4 272 0.000000130

12 3 2 5 267 0.000000120

12 3 2 6 256 0.000000120

12 3 2 7 262 0.000000110

12 3 2 8 340 0.000000120

12 3 2 9 291 0.000000120

12 3 2 10 288 0.000000110

12 3 3 1 312 0.000000130

12 3 3 2 295 0.000000150

12 3 3 3 289 0.000000180

12 3 3 4 303 0.000000150

12 3 3 5 283 0.000000120

12 3 3 6 330 0.000000120

12 3 3 7 316 0.000000120

12 3 3 8 318 0.000000120

12 3 3 9 283 0.000000120

12 3 3 10 293 0.000000110

12 3 4 1 359 0.000000120

12 3 4 2 358 0.000000120

12 3 4 3 363 0.000000110

12 3 4 4 359 0.000000120

12 3 4 5 369 0.000000140

12 3 4 6 359 0.000000120

12 3 4 7 369 0.000000120

12 3 4 8 353 0.000000120

12 3 4 9 362 0.000000110

12 3 4 10 364 0.000000120

12 3 5 1 780 0.000000120

12 3 5 2 759 0.000000150

12 3 5 3 758 0.000000150

12 3 5 4 758 0.000000110

12 3 5 5 822 0.000000120

12 3 5 6 863 0.000000120

12 3 5 7 737 0.000000130

12 3 5 8 772 0.000000150

12 3 5 9 687 0.000000120

12 3 5 10 668 0.000000140

12 5 1 1 123 0.000000150

12 5 1 2 117 0.000000140

12 5 1 3 144 0.000000120

12 5 1 4 145 0.000000120

12 5 1 5 166 0.000000120

12 5 1 6 141 0.000000130

12 5 1 7 135 0.000000140

12 5 1 8 174 0.000000130

12 5 1 9 136 0.000000140

12 5 1 10 114 0.000000120

12 5 2 1 164 0.000000140

12 5 2 2 217 0.000000130

12 5 2 3 176 0.000000130

12 5 2 4 157 0.000000130

12 5 2 5 155 0.000000590

12 5 2 6 179 0.000000170

12 5 2 7 187 0.000000170

12 5 2 8 169 0.000000180

12 5 2 9 210 0.000000130

12 5 2 10 192 0.000000130

12 5 3 1 205 0.000000130

12 5 3 2 210 0.000000120

12 5 3 3 211 0.000000140

12 5 3 4 206 0.000000130

12 5 3 5 207 0.000000130

12 5 3 6 235 0.000000140

12 5 3 7 214 0.000000140

12 5 3 8 224 0.000000130

12 5 3 9 217 0.000000130

12 5 3 10 194 0.000000120

12 5 4 1 255 0.000000140

12 5 4 2 271 0.000000130

12 5 4 3 259 0.000000120

12 5 4 4 262 0.000000160

12 5 4 5 263 0.000000190

12 5 4 6 268 0.000000160

12 5 4 7 257 0.000000170

12 5 4 8 266 0.000000180

12 5 4 9 262 0.000000140

12 5 4 10 265 0.000000130

12 5 5 1 499 0.000000140

12 5 5 2 626 0.000000120

12 5 5 3 477 0.000000130

12 5 5 4 483 0.000000130

12 5 5 5 483 0.000000140

12 5 5 6 608 0.000000140

12 5 5 7 491 0.000000130

12 5 5 8 452 0.000000130

12 5 5 9 480 0.000000130

12 5 5 10 516 0.000000130

12 7 1 1 117 0.000000160

12 7 1 2 121 0.000000170

12 7 1 3 126 0.000000130

12 7 1 4 120 0.000000140

12 7 1 5 94 0.000000130

12 7 1 6 113 0.000000180

12 7 1 7 96 0.000000130

12 7 1 8 111 0.000000130

12 7 1 9 121 0.000000140

12 7 1 10 92 0.000000180

12 7 2 1 151 0.000000130

12 7 2 2 146 0.000000140

12 7 2 3 132 0.000000170

12 7 2 4 138 0.000000200

12 7 2 5 133 0.000000170

12 7 2 6 121 0.000000180

12 7 2 7 132 0.000000150

12 7 2 8 138 0.000000130

12 7 2 9 157 0.000000130

12 7 2 10 121 0.000000140

12 7 3 1 157 0.000000140

12 7 3 2 146 0.000000130

12 7 3 3 160 0.000000130

12 7 3 4 155 0.000000140

12 7 3 5 148 0.000000130

12 7 3 6 166 0.000000130

12 7 3 7 148 0.000000130

12 7 3 8 149 0.000000130

12 7 3 9 163 0.000000140

12 7 3 10 152 0.000000140

12 7 4 1 178 0.000000140

12 7 4 2 182 0.000000140

12 7 4 3 182 0.000000140

12 7 4 4 178 0.000000140

12 7 4 5 181 0.000000130

12 7 4 6 178 0.000000140

12 7 4 7 177 0.000000140

12 7 4 8 181 0.000000130

12 7 4 9 177 0.000000130

12 7 4 10 169 0.000000130

12 7 5 1 389 0.000000140

12 7 5 2 389 0.000000140

12 7 5 3 408 0.000000130

12 7 5 4 383 0.000000140

12 7 5 5 305 0.000000140

12 7 5 6 404 0.000000140

12 7 5 7 298 0.000000120

12 7 5 8 419 0.000000160

12 7 5 9 372 0.000000170

12 7 5 10 417 0.000000140

15 3 1 1 256 0.000000150

15 3 1 2 302 0.000000150

15 3 1 3 259 0.000000170

15 3 1 4 283 0.000000160

15 3 1 5 291 0.000000140

15 3 1 6 250 0.000000140

15 3 1 7 224 0.000000160

15 3 1 8 288 0.000000170

15 3 1 9 260 0.000000130

15 3 1 10 319 0.000000140

15 3 2 1 323 0.000000160

15 3 2 2 375 0.000000140

15 3 2 3 357 0.000000140

15 3 2 4 272 0.000000140

15 3 2 5 352 0.000000150

15 3 2 6 315 0.000000140

15 3 2 7 327 0.000000160

15 3 2 8 314 0.000000150

15 3 2 9 285 0.000000140

15 3 2 10 314 0.000000140

15 3 3 1 395 0.000000140

15 3 3 2 384 0.000000160

15 3 3 3 383 0.000000130

15 3 3 4 385 0.000000130

15 3 3 5 407 0.000000140

15 3 3 6 365 0.000000180

15 3 3 7 398 0.000000160

15 3 3 8 368 0.000000180

15 3 3 9 339 0.000000150

15 3 3 10 406 0.000000170

15 3 4 1 437 0.000000160

15 3 4 2 428 0.000000140

15 3 4 3 455 0.000000130

15 3 4 4 464 0.000000140

15 3 4 5 449 0.000000130

15 3 4 6 456 0.000000140

15 3 4 7 462 0.000000130

15 3 4 8 451 0.000000140

15 3 4 9 442 0.000000130

15 3 4 10 451 0.000000130

15 3 5 1 1072 0.000000140

15 3 5 2 955 0.000000120

15 3 5 3 903 0.000000170

15 3 5 4 912 0.000000150

15 3 5 5 960 0.000000170

15 3 5 6 1028 0.000000180

15 3 5 7 1034 0.000000150

15 3 5 8 1068 0.000000170

15 3 5 9 894 0.000000180

15 3 5 10 877 0.000000170

15 5 1 1 180 0.000000190

15 5 1 2 148 0.000000200

15 5 1 3 178 0.000000180

15 5 1 4 174 0.000000180

15 5 1 5 185 0.000000180

15 5 1 6 168 0.000000180

15 5 1 7 167 0.000000170

15 5 1 8 163 0.000000150

15 5 1 9 129 0.000000140

15 5 1 10 180 0.000000150

15 5 2 1 193 0.000000170

15 5 2 2 212 0.000000190

15 5 2 3 199 0.000000200

15 5 2 4 230 0.000000200

15 5 2 5 184 0.000000190

15 5 2 6 204 0.000000140

15 5 2 7 199 0.000000140

15 5 2 8 222 0.000000140

15 5 2 9 181 0.000000180

15 5 2 10 194 0.000000190

15 5 3 1 216 0.000000150

15 5 3 2 229 0.000000140

15 5 3 3 241 0.000000180

15 5 3 4 223 0.000000150

15 5 3 5 256 0.000000140

15 5 3 6 214 0.000000140

15 5 3 7 235 0.000000140

15 5 3 8 230 0.000000170

15 5 3 9 221 0.000000190

15 5 3 10 222 0.000000200

15 5 4 1 273 0.000000220

15 5 4 2 269 0.000000190

15 5 4 3 275 0.000000150

15 5 4 4 273 0.000000170

15 5 4 5 269 0.000000180

15 5 4 6 280 0.000000190

15 5 4 7 276 0.000000150

15 5 4 8 266 0.000000140

15 5 4 9 282 0.000000150

15 5 4 10 275 0.000000160

15 5 5 1 616 0.000000200

15 5 5 2 578 0.000000150

15 5 5 3 551 0.000000140

15 5 5 4 531 0.000000140

15 5 5 5 560 0.000000150

15 5 5 6 561 0.000000140

15 5 5 7 521 0.000000140

15 5 5 8 520 0.000000200

15 5 5 9 616 0.000000180

15 5 5 10 613 0.000000160

15 7 1 1 115 0.000000260

15 7 1 2 136 0.000000210

15 7 1 3 92 0.000000150

15 7 1 4 133 0.000000160

15 7 1 5 93 0.000000160

15 7 1 6 110 0.000000150

15 7 1 7 121 0.000000220

15 7 1 8 134 0.000000240

15 7 1 9 130 0.000000190

15 7 1 10 126 0.000000170

15 7 2 1 162 0.000000210

15 7 2 2 175 0.000000170

15 7 2 3 166 0.000000140

15 7 2 4 145 0.000000150

15 7 2 5 148 0.000000160

15 7 2 6 143 0.000000160

15 7 2 7 162 0.000000160

15 7 2 8 151 0.000000150

15 7 2 9 173 0.000000160

15 7 2 10 162 0.000000160

15 7 3 1 190 0.000000150

15 7 3 2 224 0.000000150

15 7 3 3 182 0.000000160

15 7 3 4 208 0.000000160

15 7 3 5 205 0.000000160

15 7 3 6 192 0.000000160

15 7 3 7 202 0.000000160

15 7 3 8 201 0.000000160

15 7 3 9 202 0.000000160

15 7 3 10 197 0.000000160

15 7 4 1 251 0.000000160

15 7 4 2 258 0.000000160

15 7 4 3 267 0.000000150

15 7 4 4 253 0.000000160

15 7 4 5 262 0.000000160

15 7 4 6 259 0.000000160

15 7 4 7 261 0.000000160

15 7 4 8 264 0.000000160

15 7 4 9 261 0.000000200

15 7 4 10 264 0.000000220

15 7 5 1 425 0.000000210

15 7 5 2 541 0.000000160

15 7 5 3 512 0.000000160

15 7 5 4 384 0.000000150

15 7 5 5 510 0.000000220

15 7 5 6 532 0.000000190

15 7 5 7 420 0.000000220

15 7 5 8 488 0.000000160

15 7 5 9 461 0.000000160

15 7 5 10 412 0.000000220

