5 2 1 1 120 0.000000150

5 2 1 2 162 0.000000070

5 2 1 3 89 0.000000060

5 2 1 4 118 0.000000060

5 2 1 5 82 0.000000060

5 2 1 6 162 0.000000060

5 2 1 7 94 0.000000060

5 2 1 8 179 0.000000070

5 2 1 9 175 0.000000070

5 2 1 10 110 0.000000060

5 3 2 1 91 0.000000090

5 3 2 2 98 0.000000090

5 3 2 3 105 0.000000070

5 3 2 4 78 0.000000090

5 3 2 5 121 0.000000110

5 3 2 6 158 0.000000110

5 3 2 7 104 0.000000080

5 3 2 8 118 0.000000090

5 3 2 9 105 0.000000080

5 3 2 10 137 0.000000080

6 2 3 1 207 0.000000070

6 2 3 2 246 0.000000080

6 2 3 3 243 0.000000090

6 2 3 4 208 0.000000060

6 2 3 5 252 0.000000060

6 2 3 6 235 0.000000070

6 2 3 7 209 0.000000090

6 2 3 8 223 0.000000040

6 2 3 9 244 0.000000070

6 2 3 10 215 0.000000050

6 3 4 1 180 0.000000070

6 3 4 2 180 0.000000120

6 3 4 3 182 0.000000090

6 3 4 4 188 0.000000060

6 3 4 5 179 0.000000110

6 3 4 6 188 0.000000090

6 3 4 7 176 0.000000070

6 3 4 8 185 0.000000090

6 3 4 9 182 0.000000070

6 3 4 10 178 0.000000080

7 2 5 1 716 0.000000090

7 2 5 2 740 0.000000090

7 2 5 3 690 0.000000050

7 2 5 4 769 0.000000070

7 2 5 5 701 0.000000060

7 2 5 6 725 0.000000050

7 2 5 7 651 0.000000080

7 2 5 8 548 0.000000080

7 2 5 9 838 0.000000090

7 2 5 10 771 0.000000070

7 3 6 1 124 0.000000120

7 3 6 2 107 0.000000090

7 3 6 3 105 0.000000070

7 3 6 4 76 0.000000080

7 3 6 5 111 0.000000060

7 3 6 6 130 0.000000060

7 3 6 7 165 0.000000060

7 3 6 8 137 0.000000070

7 3 6 9 106 0.000000060

7 3 6 10 155 0.000000070

10 3 7 1 207 0.000000110

10 3 7 2 294 0.000000100

10 3 7 3 245 0.000000110

10 3 7 4 267 0.000000110

10 3 7 5 237 0.000000120

10 3 7 6 237 0.000000100

10 3 7 7 247 0.000000110

10 3 7 8 253 0.000000120

10 3 7 9 237 0.000000090

10 3 7 10 198 0.000000100

10 5 8 1 153 0.000000140

10 5 8 2 156 0.000000140

10 5 8 3 157 0.000000120

10 5 8 4 158 0.000000130

10 5 8 5 150 0.000000140

10 5 8 6 149 0.000000120

10 5 8 7 143 0.000000130

10 5 8 8 164 0.000000140

10 5 8 9 160 0.000000130

10 5 8 10 174 0.000000130

10 7 9 1 176 0.000000160

10 7 9 2 178 0.000000130

10 7 9 3 173 0.000000150

10 7 9 4 171 0.000000170

10 7 9 5 174 0.000000160

10 7 9 6 184 0.000000140

10 7 9 7 172 0.000000130

10 7 9 8 170 0.000000160

10 7 9 9 175 0.000000120

10 7 9 10 176 0.000000110

12 3 10 1 961 0.000000120

12 3 10 2 832 0.000000100

12 3 10 3 831 0.000000120

12 3 10 4 731 0.000000110

12 3 10 5 694 0.000000100

12 3 10 6 817 0.000000160

12 3 10 7 777 0.000000130

12 3 10 8 879 0.000000140

12 3 10 9 759 0.000000130

12 3 10 10 817 0.000000110

12 5 11 1 128 0.000000170

12 5 11 2 102 0.000000180

12 5 11 3 153 0.000000150

12 5 11 4 135 0.000000150

12 5 11 5 155 0.000000160

12 5 11 6 107 0.000000170

12 5 11 7 135 0.000000150

12 5 11 8 129 0.000000170

12 5 11 9 164 0.000000170

12 5 11 10 132 0.000000110

12 7 12 1 120 0.000000170

12 7 12 2 118 0.000000170

12 7 12 3 131 0.000000120

12 7 12 4 122 0.000000140

12 7 12 5 128 0.000000170

12 7 12 6 149 0.000000170

12 7 12 7 110 0.000000140

12 7 12 8 115 0.000000140

12 7 12 9 133 0.000000140

12 7 12 10 124 0.000000200

15 3 13 1 394 0.000000110

15 3 13 2 403 0.000000130

15 3 13 3 407 0.000000140

15 3 13 4 377 0.000000140

15 3 13 5 370 0.000000120

15 3 13 6 354 0.000000110

15 3 13 7 389 0.000000150

15 3 13 8 392 0.000000140

15 3 13 9 358 0.000000180

15 3 13 10 416 0.000000140

15 5 14 1 274 0.000000210

15 5 14 2 277 0.000000180

15 5 14 3 268 0.000000150

15 5 14 4 269 0.000000140

15 5 14 5 280 0.000000130

15 5 14 6 267 0.000000130

15 5 14 7 273 0.000000150

15 5 14 8 277 0.000000170

15 5 14 9 271 0.000000180

15 5 14 10 279 0.000000140

15 7 15 1 491 0.000000180

15 7 15 2 484 0.000000170

15 7 15 3 445 0.000000220

15 7 15 4 452 0.000000170

15 7 15 5 445 0.000000150

15 7 15 6 349 0.000007390

15 7 15 7 411 0.000000210

15 7 15 8 479 0.000000190

15 7 15 9 519 0.000000220

15 7 15 10 502 0.000000180

