5 2 1 1 148 0.000000091

5 2 1 2 154 0.000000091

5 2 1 3 176 0.000000091

5 2 1 4 168 0.000000100

5 2 1 5 191 0.000000071

5 2 1 6 187 0.000000071

5 2 1 7 171 0.000000100

5 2 1 8 116 0.000000051

5 2 1 9 169 0.000000060

5 2 1 10 195 0.000000071

5 2 2 1 169 0.000000060

5 2 2 2 211 0.000000060

5 2 2 3 182 0.000000080

5 2 2 4 183 0.000000060

5 2 2 5 207 0.000000071

5 2 2 6 252 0.000000089

5 2 2 7 177 0.000000071

5 2 2 8 231 0.000000080

5 2 2 9 188 0.000000069

5 2 2 10 190 0.000000089

5 2 3 1 219 0.000000080

5 2 3 2 230 0.000000071

5 2 3 3 197 0.000000071

5 2 3 4 222 0.000000080

5 2 3 5 226 0.000000071

5 2 3 6 256 0.000000080

5 2 3 7 199 0.000000089

5 2 3 8 210 0.000000080

5 2 3 9 204 0.000000100

5 2 3 10 220 0.000000080

5 2 4 1 283 0.000000070

5 2 4 2 248 0.000000080

5 2 4 3 268 0.000000060

5 2 4 4 268 0.000000070

5 2 4 5 253 0.000000090

5 2 4 6 276 0.000000070

5 2 4 7 275 0.000000080

5 2 4 8 274 0.000000070

5 2 4 9 272 0.000000070

5 2 4 10 269 0.000000070

5 2 5 1 490 0.000000060

5 2 5 2 592 0.000000070

5 2 5 3 472 0.000000070

5 2 5 4 444 0.000000050

5 2 5 5 588 0.000000070

5 2 5 6 557 0.000000070

5 2 5 7 513 0.000000060

5 2 5 8 507 0.000000080

5 2 5 9 696 0.000000070

5 2 5 10 627 0.000000070

5 3 1 1 111 0.000000140

5 3 1 2 133 0.000000100

5 3 1 3 124 0.000000080

5 3 1 4 94 0.000000090

5 3 1 5 154 0.000000080

5 3 1 6 114 0.000000100

5 3 1 7 134 0.000000120

5 3 1 8 124 0.000000080

5 3 1 9 117 0.000000060

5 3 1 10 88 0.000000080

5 3 2 1 142 0.000000070

5 3 2 2 141 0.000000080

5 3 2 3 141 0.000000100

5 3 2 4 164 0.000000070

5 3 2 5 129 0.000000100

5 3 2 6 165 0.000000120

5 3 2 7 167 0.000000080

5 3 2 8 152 0.000000090

5 3 2 9 93 0.000000120

5 3 2 10 117 0.000000090

5 3 3 1 176 0.000000120

5 3 3 2 156 0.000000100

5 3 3 3 140 0.000000100

5 3 3 4 118 0.000000110

5 3 3 5 162 0.000000060

5 3 3 6 151 0.000000090

5 3 3 7 151 0.000000090

5 3 3 8 143 0.000000090

5 3 3 9 122 0.000000080

5 3 3 10 170 0.000000060

5 3 4 1 183 0.000000090

5 3 4 2 177 0.000000100

5 3 4 3 186 0.000000070

5 3 4 4 172 0.000000080

5 3 4 5 178 0.000000060

5 3 4 6 178 0.000000110

5 3 4 7 177 0.000000090

5 3 4 8 186 0.000000070

5 3 4 9 179 0.000000080

5 3 4 10 186 0.000000090

5 3 5 1 386 0.000000100

5 3 5 2 500 0.000000110

5 3 5 3 384 0.000000070

5 3 5 4 349 0.000000070

5 3 5 5 433 0.000000090

5 3 5 6 381 0.000000090

5 3 5 7 489 0.000000090

5 3 5 8 455 0.000000080

5 3 5 9 469 0.000000080

5 3 5 10 378 0.000000080

6 2 1 1 150 0.000000070

6 2 1 2 160 0.000000070

6 2 1 3 213 0.000000130

6 2 1 4 163 0.000000120

6 2 1 5 165 0.000000100

6 2 1 6 195 0.000000090

6 2 1 7 143 0.000000070

6 2 1 8 253 0.000000100

6 2 1 9 119 0.000000090

6 2 1 10 168 0.000000070

6 2 2 1 236 0.000000070

6 2 2 2 161 0.000000100

6 2 2 3 265 0.000000090

6 2 2 4 190 0.000000100

6 2 2 5 209 0.000000080

6 2 2 6 193 0.000000090

6 2 2 7 225 0.000000100

6 2 2 8 205 0.000000080

6 2 2 9 192 0.000000090

6 2 2 10 234 0.000000100

6 2 3 1 235 0.000000090

6 2 3 2 276 0.000000070

6 2 3 3 231 0.000000080

6 2 3 4 259 0.000000080

6 2 3 5 238 0.000000080

6 2 3 6 213 0.000000110

6 2 3 7 247 0.000000090

6 2 3 8 233 0.000000080

6 2 3 9 241 0.000000080

6 2 3 10 204 0.000000090

6 2 4 1 273 0.000000080

6 2 4 2 277 0.000000080

6 2 4 3 276 0.000000100

6 2 4 4 292 0.000000070

6 2 4 5 282 0.000000080

6 2 4 6 272 0.000000090

6 2 4 7 272 0.000000090

6 2 4 8 283 0.000000090

6 2 4 9 282 0.000000070

6 2 4 10 283 0.000000060

6 2 5 1 571 0.000000090

6 2 5 2 806 0.000000070

6 2 5 3 755 0.000000040

6 2 5 4 587 0.000000060

6 2 5 5 848 0.000000040

6 2 5 6 759 0.000000060

6 2 5 7 479 0.000000090

6 2 5 8 627 0.000000100

6 2 5 9 659 0.000000100

6 2 5 10 623 0.000000080

6 3 1 1 115 0.000000110

6 3 1 2 138 0.000000090

6 3 1 3 147 0.000000110

6 3 1 4 86 0.000000070

6 3 1 5 147 0.000000100

6 3 1 6 92 0.000000090

6 3 1 7 132 0.000000120

6 3 1 8 165 0.000000090

6 3 1 9 143 0.000000100

6 3 1 10 113 0.000000090

6 3 2 1 162 0.000000100

6 3 2 2 155 0.000000080

6 3 2 3 130 0.000000080

6 3 2 4 182 0.000000090

6 3 2 5 162 0.000000100

6 3 2 6 186 0.000000110

6 3 2 7 167 0.000000120

6 3 2 8 156 0.000000110

6 3 2 9 178 0.000000080

6 3 2 10 173 0.000000100

6 3 3 1 172 0.000000080

6 3 3 2 173 0.000000100

6 3 3 3 177 0.000000090

6 3 3 4 149 0.000000100

6 3 3 5 195 0.000000120

6 3 3 6 197 0.000000110

6 3 3 7 182 0.000000090

6 3 3 8 169 0.000000100

6 3 3 9 180 0.000000110

6 3 3 10 183 0.000000090

6 3 4 1 192 0.000000080

6 3 4 2 185 0.000000100

6 3 4 3 182 0.000000100

6 3 4 4 198 0.000000110

6 3 4 5 178 0.000000120

6 3 4 6 186 0.000000100

6 3 4 7 192 0.000000120

6 3 4 8 197 0.000000090

6 3 4 9 197 0.000000090

6 3 4 10 189 0.000000100

6 3 5 1 397 0.000000080

6 3 5 2 500 0.000000060

6 3 5 3 551 0.000000060

6 3 5 4 453 0.000000050

6 3 5 5 440 0.000000050

6 3 5 6 485 0.000000060

6 3 5 7 512 0.000000050

6 3 5 8 474 0.000000060

6 3 5 9 436 0.000000060

6 3 5 10 508 0.000000050

7 2 1 1 259 0.000000090

7 2 1 2 158 0.000000050

7 2 1 3 130 0.000000060

7 2 1 4 202 0.000000070

7 2 1 5 215 0.000016380

7 2 1 6 237 0.000000100

7 2 1 7 202 0.000000070

7 2 1 8 172 0.000000100

7 2 1 9 155 0.000000050

7 2 1 10 147 0.000000060

7 2 2 1 204 0.000000050

7 2 2 2 245 0.000000070

7 2 2 3 263 0.000000060

7 2 2 4 251 0.000000060

7 2 2 5 234 0.000000060

7 2 2 6 258 0.000000050

7 2 2 7 249 0.000000100

7 2 2 8 221 0.000000110

7 2 2 9 273 0.000000070

7 2 2 10 197 0.000000050

7 2 3 1 256 0.000000050

7 2 3 2 308 0.000000070

7 2 3 3 343 0.000000100

7 2 3 4 286 0.000000100

7 2 3 5 282 0.000000060

7 2 3 6 290 0.000000071

7 2 3 7 296 0.000000049

7 2 3 8 289 0.000000060

7 2 3 9 307 0.000000080

7 2 3 10 300 0.000000080

7 2 4 1 344 0.000000089

7 2 4 2 362 0.000000091

7 2 4 3 357 0.000000051

7 2 4 4 363 0.000000051

7 2 4 5 361 0.000000091

7 2 4 6 365 0.000000100

7 2 4 7 352 0.000000111

7 2 4 8 356 0.000000089

7 2 4 9 357 0.000000089

7 2 4 10 367 0.000000080

7 2 5 1 982 0.000000060

7 2 5 2 910 0.000000049

7 2 5 3 729 0.000000089

7 2 5 4 631 0.000000090

7 2 5 5 790 0.000000080

7 2 5 6 886 0.000000070

7 2 5 7 871 0.000000100

7 2 5 8 743 0.000000090

7 2 5 9 758 0.000000090

7 2 5 10 753 0.000000050

7 3 1 1 170 0.000000080

7 3 1 2 163 0.000000080

7 3 1 3 145 0.000000070

7 3 1 4 131 0.000000060

7 3 1 5 138 0.000000100

7 3 1 6 132 0.000000110

7 3 1 7 106 0.000000100

7 3 1 8 167 0.000000060

7 3 1 9 131 0.000000080

7 3 1 10 130 0.000000070

7 3 2 1 176 0.000000100

7 3 2 2 232 0.000000060

7 3 2 3 213 0.000000060

7 3 2 4 151 0.000000070

7 3 2 5 199 0.000000060

7 3 2 6 175 0.000000060

7 3 2 7 180 0.000000060

7 3 2 8 166 0.000000120

7 3 2 9 194 0.000000120

7 3 2 10 153 0.000000110

7 3 3 1 232 0.000000100

7 3 3 2 216 0.000000100

7 3 3 3 244 0.000000110

7 3 3 4 203 0.000000140

7 3 3 5 187 0.000000130

7 3 3 6 205 0.000000110

7 3 3 7 197 0.000000120

7 3 3 8 214 0.000000110

7 3 3 9 231 0.000000110

7 3 3 10 241 0.000000100

7 3 4 1 265 0.000000080

7 3 4 2 266 0.000000070

7 3 4 3 276 0.000000050

7 3 4 4 270 0.000000050

7 3 4 5 269 0.000000050

7 3 4 6 256 0.000000060

7 3 4 7 272 0.000000070

7 3 4 8 277 0.000000060

7 3 4 9 266 0.000000060

7 3 4 10 271 0.000000060

7 3 5 1 416 0.000000060

7 3 5 2 328 0.000000070

7 3 5 3 487 0.000000060

7 3 5 4 719 0.000000070

7 3 5 5 597 0.000000060

7 3 5 6 458 0.000000060

7 3 5 7 495 0.000000100

7 3 5 8 594 0.000000100

7 3 5 9 582 0.000000100

7 3 5 10 557 0.000000110

10 3 1 1 156 0.000000120

10 3 1 2 227 0.000000090

10 3 1 3 200 0.000000090

10 3 1 4 262 0.000000080

10 3 1 5 171 0.000000080

10 3 1 6 205 0.000000070

10 3 1 7 213 0.000000130

10 3 1 8 171 0.000000110

10 3 1 9 225 0.000000110

10 3 1 10 200 0.000000160

10 3 2 1 207 0.000000110

10 3 2 2 236 0.000000090

10 3 2 3 275 0.000000070

10 3 2 4 260 0.000000070

10 3 2 5 264 0.000000120

10 3 2 6 264 0.000000140

10 3 2 7 266 0.000000110

10 3 2 8 247 0.000000080

10 3 2 9 221 0.000000090

10 3 2 10 251 0.000000080

10 3 3 1 327 0.000000080

10 3 3 2 300 0.000000070

10 3 3 3 282 0.000000080

10 3 3 4 322 0.000000070

10 3 3 5 275 0.000000140

10 3 3 6 326 0.000000160

10 3 3 7 303 0.000000130

10 3 3 8 314 0.000000150

10 3 3 9 307 0.000000090

10 3 3 10 310 0.000000070

10 3 4 1 357 0.000000070

10 3 4 2 359 0.000000090

10 3 4 3 350 0.000000070

10 3 4 4 363 0.000000080

10 3 4 5 365 0.000000070

10 3 4 6 356 0.000000150

10 3 4 7 354 0.000000110

10 3 4 8 347 0.000000090

10 3 4 9 366 0.000000080

10 3 4 10 361 0.000000070

10 3 5 1 732 0.000000070

10 3 5 2 799 0.000000080

10 3 5 3 755 0.000000070

10 3 5 4 656 0.000000080

10 3 5 5 868 0.000000070

10 3 5 6 738 0.000000060

10 3 5 7 834 0.000000070

10 3 5 8 675 0.000000070

10 3 5 9 732 0.000000080

10 3 5 10 811 0.000000080

10 5 1 1 118 0.000000160

10 5 1 2 182 0.000000150

10 5 1 3 124 0.000000130

10 5 1 4 114 0.000000110

10 5 1 5 122 0.000000090

10 5 1 6 156 0.000000160

10 5 1 7 141 0.000000150

10 5 1 8 172 0.000000150

10 5 1 9 159 0.000000100

10 5 1 10 139 0.000000110

10 5 2 1 172 0.000000080

10 5 2 2 189 0.000000100

10 5 2 3 188 0.000000090

10 5 2 4 157 0.000000130

10 5 2 5 185 0.000000150

10 5 2 6 180 0.000000170

10 5 2 7 158 0.000000100

10 5 2 8 177 0.000000150

10 5 2 9 171 0.000000130

10 5 2 10 136 0.000000160

10 5 3 1 172 0.000000140

10 5 3 2 188 0.000000130

10 5 3 3 179 0.000000080

10 5 3 4 189 0.000000090

10 5 3 5 191 0.000000110

10 5 3 6 188 0.000000120

10 5 3 7 186 0.000000190

10 5 3 8 171 0.000000130

10 5 3 9 183 0.000000120

10 5 3 10 198 0.000000110

10 5 4 1 191 0.000000100

10 5 4 2 191 0.000000160

10 5 4 3 198 0.000000150

10 5 4 4 186 0.000000140

10 5 4 5 197 0.000000180

10 5 4 6 197 0.000000140

10 5 4 7 198 0.000000120

10 5 4 8 192 0.000000090

10 5 4 9 196 0.000000150

10 5 4 10 194 0.000000100

10 5 5 1 471 0.000000100

10 5 5 2 417 0.000000160

10 5 5 3 478 0.000000140

10 5 5 4 469 0.000000120

10 5 5 5 554 0.000000100

10 5 5 6 561 0.000000590

10 5 5 7 536 0.000000150

10 5 5 8 540 0.000000140

10 5 5 9 475 0.000000080

10 5 5 10 463 0.000000080

10 7 1 1 114 0.000000180

10 7 1 2 82 0.000000120

10 7 1 3 124 0.000000100

10 7 1 4 121 0.000000120

10 7 1 5 123 0.000000090

10 7 1 6 86 0.000000140

10 7 1 7 117 0.000000100

10 7 1 8 95 0.000000180

10 7 1 9 137 0.000000130

10 7 1 10 119 0.000000110

10 7 2 1 124 0.000000150

10 7 2 2 141 0.000000160

10 7 2 3 144 0.000000160

10 7 2 4 155 0.000000150

10 7 2 5 148 0.000000160

10 7 2 6 139 0.000000170

10 7 2 7 99 0.000000150

10 7 2 8 153 0.000000130

10 7 2 9 118 0.000000110

10 7 2 10 146 0.000000090

10 7 3 1 165 0.000000100

10 7 3 2 158 0.000000140

10 7 3 3 151 0.000000160

10 7 3 4 165 0.000000160

10 7 3 5 176 0.000000140

10 7 3 6 160 0.000000120

10 7 3 7 145 0.000000150

10 7 3 8 155 0.000000190

10 7 3 9 153 0.000000140

10 7 3 10 154 0.000000160

10 7 4 1 184 0.000000150

10 7 4 2 178 0.000000160

10 7 4 3 179 0.000000170

10 7 4 4 179 0.000000180

10 7 4 5 189 0.000000140

10 7 4 6 181 0.000000110

10 7 4 7 183 0.000000090

10 7 4 8 168 0.000000120

10 7 4 9 175 0.000000120

10 7 4 10 183 0.000000090

10 7 5 1 392 0.000000110

10 7 5 2 380 0.000000150

10 7 5 3 405 0.000000160

10 7 5 4 443 0.000000140

10 7 5 5 340 0.000000090

10 7 5 6 314 0.000000130

10 7 5 7 437 0.000000110

10 7 5 8 374 0.000000100

10 7 5 9 296 0.000000090

10 7 5 10 472 0.000000100

12 3 1 1 233 0.000000110

12 3 1 2 270 0.000000100

12 3 1 3 222 0.000000140

12 3 1 4 329 0.000000190

12 3 1 5 243 0.000000190

12 3 1 6 260 0.000000140

12 3 1 7 204 0.000000140

12 3 1 8 234 0.000000100

12 3 1 9 240 0.000000090

12 3 1 10 253 0.000000090

12 3 2 1 297 0.000000160

12 3 2 2 324 0.000000180

12 3 2 3 272 0.000004140

12 3 2 4 287 0.000000150

12 3 2 5 305 0.000000110

12 3 2 6 287 0.000000130

12 3 2 7 288 0.000000090

12 3 2 8 343 0.000000100

12 3 2 9 311 0.000000090

12 3 2 10 314 0.000000080

12 3 3 1 322 0.000000160

12 3 3 2 319 0.000000180

12 3 3 3 319 0.000000130

12 3 3 4 313 0.000000080

12 3 3 5 312 0.000000080

12 3 3 6 341 0.000000080

12 3 3 7 334 0.000000080

12 3 3 8 334 0.000000080

12 3 3 9 299 0.000000151

12 3 3 10 311 0.000000149

12 3 4 1 366 0.000000180

12 3 4 2 361 0.000000109

12 3 4 3 371 0.000000109

12 3 4 4 364 0.000000160

12 3 4 5 377 0.000000140

12 3 4 6 365 0.000000149

12 3 4 7 376 0.000000100

12 3 4 8 363 0.000000160

12 3 4 9 367 0.000000180

12 3 4 10 372 0.000000129

12 3 5 1 849 0.000000180

12 3 5 2 780 0.000000129

12 3 5 3 801 0.000000151

12 3 5 4 801 0.000000131

12 3 5 5 887 0.000000131

12 3 5 6 892 0.000000160

12 3 5 7 818 0.000000111

12 3 5 8 808 0.000000149

12 3 5 9 758 0.000000171

12 3 5 10 714 0.000000131

12 5 1 1 134 0.000000169

12 5 1 2 138 0.000000160

12 5 1 3 192 0.000000140

12 5 1 4 171 0.000000180

12 5 1 5 204 0.000000140

12 5 1 6 165 0.000000120

12 5 1 7 144 0.000000180

12 5 1 8 196 0.000000140

12 5 1 9 157 0.000000149

12 5 1 10 144 0.000000160

12 5 2 1 190 0.000000140

12 5 2 2 226 0.000000180

12 5 2 3 199 0.000000140

12 5 2 4 193 0.000000140

12 5 2 5 198 0.000000160

12 5 2 6 194 0.000000200

12 5 2 7 222 0.000000200

12 5 2 8 189 0.000000200

12 5 2 9 220 0.000000180

12 5 2 10 197 0.000000120

12 5 3 1 232 0.000000100

12 5 3 2 217 0.000000110

12 5 3 3 241 0.000000210

12 5 3 4 206 0.000000200

12 5 3 5 233 0.000000180

12 5 3 6 255 0.000000140

12 5 3 7 228 0.000000140

12 5 3 8 237 0.000000180

12 5 3 9 220 0.000000150

12 5 3 10 205 0.000000140

12 5 4 1 266 0.000000100

12 5 4 2 272 0.000000200

12 5 4 3 266 0.000000200

12 5 4 4 264 0.000000130

12 5 4 5 265 0.000000130

12 5 4 6 276 0.000000110

12 5 4 7 264 0.000000220

12 5 4 8 268 0.000000190

12 5 4 9 268 0.000000170

12 5 4 10 266 0.000000140

12 5 5 1 524 0.000000110

12 5 5 2 604 0.000000100

12 5 5 3 597 0.000000100

12 5 5 4 531 0.000000120

12 5 5 5 513 0.000000120

12 5 5 6 689 0.000000220

12 5 5 7 554 0.000000140

12 5 5 8 531 0.000000190

12 5 5 9 585 0.000000140

12 5 5 10 612 0.000000170

12 7 1 1 147 0.000000220

12 7 1 2 147 0.000000160

12 7 1 3 149 0.000000150

12 7 1 4 148 0.000000140

12 7 1 5 122 0.000000180

12 7 1 6 137 0.000000210

12 7 1 7 96 0.000000170

12 7 1 8 143 0.000000180

12 7 1 9 149 0.000000170

12 7 1 10 103 0.000000170

12 7 2 1 170 0.000000240

12 7 2 2 160 0.000000200

12 7 2 3 163 0.000000220

12 7 2 4 183 0.000000230

12 7 2 5 151 0.000000170

12 7 2 6 151 0.000000170

12 7 2 7 150 0.000000150

12 7 2 8 173 0.000000120

12 7 2 9 173 0.000000140

12 7 2 10 146 0.000000120

12 7 3 1 181 0.000000100

12 7 3 2 161 0.000000180

12 7 3 3 180 0.000000140

12 7 3 4 170 0.000000180

12 7 3 5 168 0.000000190

12 7 3 6 184 0.000000180

12 7 3 7 156 0.000000200

12 7 3 8 176 0.000000150

12 7 3 9 181 0.000000210

12 7 3 10 177 0.000000190

12 7 4 1 194 0.000000140

12 7 4 2 189 0.000000120

12 7 4 3 187 0.000000200

12 7 4 4 182 0.000000170

12 7 4 5 190 0.000000140

12 7 4 6 182 0.000000120

12 7 4 7 181 0.000000100

12 7 4 8 187 0.000000180

12 7 4 9 184 0.000000140

12 7 4 10 175 0.000000190

12 7 5 1 449 0.000000150

12 7 5 2 427 0.000000120

12 7 5 3 497 0.000000210

12 7 5 4 450 0.000000150

12 7 5 5 315 0.000000190

12 7 5 6 558 0.000000120

12 7 5 7 351 0.000000190

12 7 5 8 499 0.000000220

12 7 5 9 417 0.000000180

12 7 5 10 508 0.000000170

15 3 1 1 286 0.000000180

15 3 1 2 330 0.000000190

15 3 1 3 286 0.000000150

15 3 1 4 317 0.000000160

15 3 1 5 311 0.000000140

15 3 1 6 298 0.000000200

15 3 1 7 265 0.000000120

15 3 1 8 309 0.000000140

15 3 1 9 273 0.000000140

15 3 1 10 357 0.000000200

15 3 2 1 349 0.000000150

15 3 2 2 389 0.000000130

15 3 2 3 370 0.000000130

15 3 2 4 290 0.000000120

15 3 2 5 368 0.000000200

15 3 2 6 347 0.000000150

15 3 2 7 339 0.000000120

15 3 2 8 330 0.000000100

15 3 2 9 309 0.000000180

15 3 2 10 323 0.000000190

15 3 3 1 413 0.000000140

15 3 3 2 414 0.000000200

15 3 3 3 390 0.000000190

15 3 3 4 396 0.000000140

15 3 3 5 421 0.000000210

15 3 3 6 381 0.000000150

15 3 3 7 413 0.000000200

15 3 3 8 374 0.000000190

15 3 3 9 356 0.000000130

15 3 3 10 417 0.000000210

15 3 4 1 445 0.000000190

15 3 4 2 435 0.000000130

15 3 4 3 464 0.000000130

15 3 4 4 477 0.000000120

15 3 4 5 454 0.000000200

15 3 4 6 459 0.000000130

15 3 4 7 464 0.000000200

15 3 4 8 461 0.000000120

15 3 4 9 448 0.000000150

15 3 4 10 456 0.000000190

15 3 5 1 1104 0.000000140

15 3 5 2 1070 0.000000240

15 3 5 3 1014 0.000000200

15 3 5 4 982 0.000000200

15 3 5 5 1061 0.000000210

15 3 5 6 1044 0.000000170

15 3 5 7 1074 0.000000200

15 3 5 8 1130 0.000000180

15 3 5 9 965 0.000000130

15 3 5 10 979 0.000000120

15 5 1 1 189 0.000000170

15 5 1 2 190 0.000000250

15 5 1 3 205 0.000000190

15 5 1 4 199 0.000000150

15 5 1 5 205 0.000000200

15 5 1 6 206 0.000000200

15 5 1 7 190 0.000000311

15 5 1 8 191 0.000000200

15 5 1 9 157 0.000000220

15 5 1 10 208 0.000000191

15 5 2 1 221 0.000000171

15 5 2 2 235 0.000000180

15 5 2 3 231 0.000000140

15 5 2 4 249 0.000000280

15 5 2 5 201 0.000000200

15 5 2 6 242 0.000000200

15 5 2 7 236 0.000000180

15 5 2 8 241 0.000000229

15 5 2 9 209 0.000000180

15 5 2 10 217 0.000000240

15 5 3 1 240 0.000000191

15 5 3 2 263 0.000000220

15 5 3 3 271 0.000000231

15 5 3 4 243 0.000000211

15 5 3 5 280 0.000000240

15 5 3 6 231 0.000000280

15 5 3 7 254 0.000000220

15 5 3 8 249 0.000000129

15 5 3 9 238 0.000000180

15 5 3 10 252 0.000000200

15 5 4 1 283 0.000000210

15 5 4 2 277 0.000000230

15 5 4 3 284 0.000000230

15 5 4 4 285 0.000000180

15 5 4 5 281 0.000000170

15 5 4 6 284 0.000000150

15 5 4 7 284 0.000000220

15 5 4 8 278 0.000000160

15 5 4 9 292 0.000000230

15 5 4 10 287 0.000000150

15 5 5 1 682 0.000000130

15 5 5 2 713 0.000000210

15 5 5 3 641 0.000000220

15 5 5 4 617 0.000000180

15 5 5 5 687 0.000000160

15 5 5 6 679 0.000000220

15 5 5 7 602 0.000000190

15 5 5 8 582 0.000000160

15 5 5 9 715 0.000000150

15 5 5 10 695 0.000000150

15 7 1 1 149 0.000000220

15 7 1 2 164 0.000000180

15 7 1 3 106 0.000000180

15 7 1 4 162 0.000000160

15 7 1 5 126 0.000000130

15 7 1 6 140 0.000000140

15 7 1 7 145 0.000000240

15 7 1 8 166 0.000000150

15 7 1 9 158 0.000000270

15 7 1 10 166 0.000000220

15 7 2 1 179 0.000000230

15 7 2 2 193 0.000000160

15 7 2 3 189 0.000000160

15 7 2 4 174 0.000000160

15 7 2 5 154 0.000000150

15 7 2 6 171 0.000000150

15 7 2 7 185 0.000000160

15 7 2 8 179 0.000000220

15 7 2 9 187 0.000000230

15 7 2 10 181 0.000000190

15 7 3 1 204 0.000000240

15 7 3 2 221 0.000000200

15 7 3 3 186 0.000000160

15 7 3 4 208 0.000000140

15 7 3 5 204 0.000000140

15 7 3 6 191 0.000000130

15 7 3 7 215 0.000000140

15 7 3 8 204 0.000000140

15 7 3 9 202 0.000000160

15 7 3 10 206 0.000000160

15 7 4 1 261 0.000000160

15 7 4 2 257 0.000000160

15 7 4 3 264 0.000000150

15 7 4 4 257 0.000000150

15 7 4 5 261 0.000000160

15 7 4 6 261 0.000000130

15 7 4 7 267 0.000000170

15 7 4 8 264 0.000000150

15 7 4 9 259 0.000000150

15 7 4 10 261 0.000000140

15 7 5 1 539 0.000000130

15 7 5 2 581 0.000000130

15 7 5 3 580 0.000000130

15 7 5 4 510 0.000000130

15 7 5 5 561 0.000000170

15 7 5 6 547 0.000000200

15 7 5 7 531 0.000000220

15 7 5 8 555 0.000000240

15 7 5 9 534 0.000000200

15 7 5 10 507 0.000000220

