5 2 1 1 126 0.000000110

5 2 1 2 162 0.000000151

5 2 1 3 91 0.000000080

5 2 1 4 137 0.000000091

5 2 1 5 89 0.000000071

5 2 1 6 162 0.000000100

5 2 1 7 99 0.000000091

5 2 1 8 179 0.000000060

5 2 1 9 178 0.000000071

5 2 1 10 110 0.000000080

5 3 2 1 91 0.000000100

5 3 2 2 98 0.000000089

5 3 2 3 105 0.000000100

5 3 2 4 78 0.000000089

5 3 2 5 121 0.000000080

5 3 2 6 167 0.000000071

5 3 2 7 104 0.000000069

5 3 2 8 118 0.000000071

5 3 2 9 105 0.000000089

5 3 2 10 137 0.000000080

6 2 3 1 210 0.000000091

6 2 3 2 246 0.000000071

6 2 3 3 244 0.000000069

6 2 3 4 220 0.000000089

6 2 3 5 252 0.000000080

6 2 3 6 238 0.000000080

6 2 3 7 209 0.000000080

6 2 3 8 223 0.000000069

6 2 3 9 244 0.000000060

6 2 3 10 214 0.000000100

6 3 4 1 181 0.000000100

6 3 4 2 180 0.000000091

6 3 4 3 182 0.000000051

6 3 4 4 192 0.000000129

6 3 4 5 181 0.000000080

6 3 4 6 188 0.000000080

6 3 4 7 177 0.000000100

6 3 4 8 185 0.000000100

6 3 4 9 182 0.000000100

6 3 4 10 178 0.000000111

7 2 5 1 691 0.000000100

7 2 5 2 730 0.000000091

7 2 5 3 690 0.000000100

7 2 5 4 769 0.000000111

7 2 5 5 687 0.000000110

7 2 5 6 725 0.000000090

7 2 5 7 707 0.000000090

7 2 5 8 590 0.000000080

7 2 5 9 844 0.000000110

7 2 5 10 745 0.000000080

7 3 6 1 124 0.000000110

7 3 6 2 115 0.000000140

7 3 6 3 105 0.000000140

7 3 6 4 79 0.000000100

7 3 6 5 118 0.000000090

7 3 6 6 130 0.000000130

7 3 6 7 165 0.000000090

7 3 6 8 137 0.000000140

7 3 6 9 105 0.000000090

7 3 6 10 155 0.000000170

10 3 7 1 227 0.000000150

10 3 7 2 294 0.000000140

10 3 7 3 236 0.000000130

10 3 7 4 262 0.000000120

10 3 7 5 227 0.000000120

10 3 7 6 236 0.000000140

10 3 7 7 247 0.000000130

10 3 7 8 256 0.000000160

10 3 7 9 228 0.000000120

10 3 7 10 198 0.000000140

10 5 8 1 153 0.000000210

10 5 8 2 156 0.000000170

10 5 8 3 163 0.000000160

10 5 8 4 163 0.000000150

10 5 8 5 150 0.000000150

10 5 8 6 149 0.000000170

10 5 8 7 145 0.000000160

10 5 8 8 172 0.000000180

10 5 8 9 163 0.000000170

10 5 8 10 174 0.000000140

10 7 9 1 176 0.000000220

10 7 9 2 180 0.000000170

10 7 9 3 173 0.000000140

10 7 9 4 171 0.000000140

10 7 9 5 174 0.000000140

10 7 9 6 184 0.000000130

10 7 9 7 175 0.000000110

10 7 9 8 171 0.000000180

10 7 9 9 176 0.000000160

10 7 9 10 176 0.000000130

12 3 10 1 953 0.000000130

12 3 10 2 825 0.000000120

12 3 10 3 857 0.000000110

12 3 10 4 771 0.000000100

12 3 10 5 701 0.000000100

12 3 10 6 838 0.000000100

12 3 10 7 801 0.000000140

12 3 10 8 894 0.000000100

12 3 10 9 762 0.000000150

12 3 10 10 835 0.000000130

12 5 11 1 140 0.000000140

12 5 11 2 110 0.000000160

12 5 11 3 163 0.000000140

12 5 11 4 172 0.000000120

12 5 11 5 154 0.000000170

12 5 11 6 120 0.000000150

12 5 11 7 136 0.000000160

12 5 11 8 145 0.000000130

12 5 11 9 160 0.000000110

12 5 11 10 132 0.000000190

12 7 12 1 120 0.000000170

12 7 12 2 118 0.000000190

12 7 12 3 132 0.000000180

12 7 12 4 122 0.000000150

12 7 12 5 131 0.000000120

12 7 12 6 150 0.000000120

12 7 12 7 130 0.000000140

12 7 12 8 115 0.000000130

12 7 12 9 144 0.000000130

12 7 12 10 130 0.000000120

15 3 13 1 399 0.000000110

15 3 13 2 406 0.000000110

15 3 13 3 410 0.000000150

15 3 13 4 380 0.000000160

15 3 13 5 377 0.000000120

15 3 13 6 356 0.000000110

15 3 13 7 387 0.000000110

15 3 13 8 395 0.000000110

15 3 13 9 363 0.000000100

15 3 13 10 418 0.000000110

15 5 14 1 274 0.000000140

15 5 14 2 280 0.000000210

15 5 14 3 269 0.000000190

15 5 14 4 270 0.000000140

15 5 14 5 282 0.000000140

15 5 14 6 267 0.000000130

15 5 14 7 276 0.000000120

15 5 14 8 278 0.000000130

15 5 14 9 273 0.000000140

15 5 14 10 279 0.000000150

15 7 15 1 506 0.000000170

15 7 15 2 470 0.000000150

15 7 15 3 426 0.000000150

15 7 15 4 440 0.000000150

15 7 15 5 445 0.000000160

15 7 15 6 349 0.000000150

15 7 15 7 416 0.000000150

15 7 15 8 494 0.000000150

15 7 15 9 525 0.000000190

15 7 15 10 494 0.000000200

