5 2 1 1 133 0.000000100

5 2 1 2 179 0.000000090

5 2 1 3 94 0.000000060

5 2 1 4 141 0.000000070

5 2 1 5 92 0.000000050

5 2 1 6 175 0.000000090

5 2 1 7 114 0.000000060

5 2 1 8 191 0.000000090

5 2 1 9 183 0.000000060

5 2 1 10 119 0.000000080

5 3 2 1 129 0.000000090

5 3 2 2 105 0.000000070

5 3 2 3 120 0.000000040

5 3 2 4 104 0.000000040

5 3 2 5 142 0.000000070

5 3 2 6 175 0.000000070

5 3 2 7 133 0.000000060

5 3 2 8 150 0.000000050

5 3 2 9 124 0.000000070

5 3 2 10 153 0.000000080

6 2 3 1 219 0.000000060

6 2 3 2 255 0.000000080

6 2 3 3 247 0.000000070

6 2 3 4 220 0.000000060

6 2 3 5 257 0.000000080

6 2 3 6 247 0.000000100

6 2 3 7 221 0.000000090

6 2 3 8 235 0.000000100

6 2 3 9 254 0.000000090

6 2 3 10 216 0.000000100

6 3 4 1 184 0.000000110

6 3 4 2 182 0.000000100

6 3 4 3 187 0.000000110

6 3 4 4 193 0.000000090

6 3 4 5 182 0.000000090

6 3 4 6 190 0.000000090

6 3 4 7 178 0.000000100

6 3 4 8 189 0.000000110

6 3 4 9 186 0.000000100

6 3 4 10 183 0.000000100

7 2 5 1 761 0.000000090

7 2 5 2 790 0.000000100

7 2 5 3 704 0.000000110

7 2 5 4 842 0.000000100

7 2 5 5 741 0.000000090

7 2 5 6 760 0.000000090

7 2 5 7 745 0.000000140

7 2 5 8 610 0.000000080

7 2 5 9 857 0.000000080

7 2 5 10 807 0.000000080

7 3 6 1 135 0.000000100

7 3 6 2 147 0.000000120

7 3 6 3 122 0.000000120

7 3 6 4 90 0.000000100

7 3 6 5 141 0.000000100

7 3 6 6 148 0.000000110

7 3 6 7 195 0.000000100

7 3 6 8 165 0.000000120

7 3 6 9 123 0.000000090

7 3 6 10 173 0.000000130

10 3 7 1 233 0.000000170

10 3 7 2 307 0.000000160

10 3 7 3 267 0.000000160

10 3 7 4 274 0.000000130

10 3 7 5 251 0.000000140

10 3 7 6 251 0.000000130

10 3 7 7 268 0.000000140

10 3 7 8 271 0.000000110

10 3 7 9 263 0.000000130

10 3 7 10 217 0.000000090

10 5 8 1 173 0.000000130

10 5 8 2 166 0.000000170

10 5 8 3 170 0.000000150

10 5 8 4 178 0.000000110

10 5 8 5 165 0.000000130

10 5 8 6 161 0.000000120

10 5 8 7 157 0.000000170

10 5 8 8 172 0.000000110

10 5 8 9 166 0.000000100

10 5 8 10 184 0.000000160

10 7 9 1 187 0.000000190

10 7 9 2 186 0.000000160

10 7 9 3 184 0.000000150

10 7 9 4 184 0.000000170

10 7 9 5 186 0.000000170

10 7 9 6 192 0.000000120

10 7 9 7 180 0.000000100

10 7 9 8 181 0.000000180

10 7 9 9 184 0.000000140

10 7 9 10 183 0.000000190

12 3 10 1 1001 0.000000130

12 3 10 2 890 0.000000110

12 3 10 3 865 0.000000090

12 3 10 4 775 0.000000150

12 3 10 5 738 0.000000120

12 3 10 6 871 0.000000130

12 3 10 7 825 0.000000100

12 3 10 8 930 0.000000130

12 3 10 9 844 0.000000130

12 3 10 10 896 0.000000120

12 5 11 1 176 0.000000140

12 5 11 2 158 0.000000130

12 5 11 3 178 0.000000110

12 5 11 4 172 0.000000170

12 5 11 5 182 0.000000130

12 5 11 6 130 0.000000120

12 5 11 7 174 0.000000110

12 5 11 8 155 0.000000170

12 5 11 9 199 0.000000140

12 5 11 10 155 0.000000190

12 7 12 1 151 0.000000170

12 7 12 2 151 0.000000220

12 7 12 3 147 0.000000170

12 7 12 4 131 0.000000150

12 7 12 5 155 0.000000140

12 7 12 6 165 0.000000180

12 7 12 7 137 0.000000210

12 7 12 8 139 0.000000200

12 7 12 9 159 0.000000170

12 7 12 10 155 0.000000160

15 3 13 1 404 0.000000170

15 3 13 2 421 0.000000140

15 3 13 3 417 0.000000210

15 3 13 4 390 0.000000180

15 3 13 5 383 0.000000140

15 3 13 6 364 0.000000110

15 3 13 7 399 0.000000170

15 3 13 8 410 0.000000130

15 3 13 9 373 0.000000150

15 3 13 10 426 0.000000160

15 5 14 1 279 0.000000200

15 5 14 2 282 0.000000200

15 5 14 3 275 0.000000170

15 5 14 4 276 0.000000170

15 5 14 5 283 0.000000170

15 5 14 6 271 0.000000180

15 5 14 7 279 0.000000140

15 5 14 8 281 0.000000130

15 5 14 9 275 0.000000200

15 5 14 10 284 0.000000120

15 7 15 1 593 0.000000150

15 7 15 2 574 0.000000210

15 7 15 3 542 0.000000240

15 7 15 4 541 0.000000150

15 7 15 5 562 0.000000190

15 7 15 6 481 0.000000210

15 7 15 7 534 0.000000150

15 7 15 8 603 0.000000150

15 7 15 9 601 0.000000180

15 7 15 10 607 0.000000140

