5 2 1 1 139 0.000000090

5 2 1 2 138 0.000000060

5 2 1 3 164 0.000000050

5 2 1 4 142 0.000000060

5 2 1 5 150 0.000000070

5 2 1 6 187 0.000000030

5 2 1 7 171 0.000000050

5 2 1 8 95 0.000000040

5 2 1 9 150 0.000000040

5 2 1 10 171 0.000000050

5 2 2 1 169 0.000000040

5 2 2 2 175 0.000000060

5 2 2 3 166 0.000000050

5 2 2 4 167 0.000000040

5 2 2 5 190 0.000000050

5 2 2 6 252 0.000000070

5 2 2 7 169 0.000000050

5 2 2 8 227 0.000000050

5 2 2 9 186 0.000000060

5 2 2 10 176 0.000000040

5 2 3 1 219 0.000000040

5 2 3 2 230 0.000000050

5 2 3 3 178 0.000000060

5 2 3 4 209 0.000000040

5 2 3 5 216 0.000000040

5 2 3 6 254 0.000000060

5 2 3 7 199 0.000000110

5 2 3 8 210 0.000000070

5 2 3 9 212 0.000000060

5 2 3 10 211 0.000000080

5 2 4 1 277 0.000000070

5 2 4 2 250 0.000000090

5 2 4 3 257 0.000000070

5 2 4 4 266 0.000000050

5 2 4 5 259 0.000000060

5 2 4 6 269 0.000000060

5 2 4 7 272 0.000000050

5 2 4 8 274 0.000000050

5 2 4 9 272 0.000000060

5 2 4 10 269 0.000000060

5 2 5 1 466 0.000000050

5 2 5 2 503 0.000000060

5 2 5 3 439 0.000000050

5 2 5 4 444 0.000000050

5 2 5 5 588 0.000000040

5 2 5 6 555 0.000000040

5 2 5 7 536 0.000000040

5 2 5 8 479 0.000000050

5 2 5 9 658 0.000000060

5 2 5 10 613 0.000000060

5 3 1 1 95 0.000000080

5 3 1 2 101 0.000000080

5 3 1 3 89 0.000000060

5 3 1 4 90 0.000000040

5 3 1 5 138 0.000000070

5 3 1 6 100 0.000000070

5 3 1 7 105 0.000000060

5 3 1 8 101 0.000000060

5 3 1 9 94 0.000000060

5 3 1 10 88 0.000000060

5 3 2 1 118 0.000000040

5 3 2 2 139 0.000000040

5 3 2 3 124 0.000000060

5 3 2 4 148 0.000000040

5 3 2 5 119 0.000000050

5 3 2 6 139 0.000000050

5 3 2 7 141 0.000000040

5 3 2 8 142 0.000000050

5 3 2 9 91 0.000000050

5 3 2 10 106 0.000000070

5 3 3 1 165 0.000000070

5 3 3 2 148 0.000000060

5 3 3 3 125 0.000000050

5 3 3 4 118 0.000000040

5 3 3 5 151 0.000000040

5 3 3 6 137 0.000000080

5 3 3 7 124 0.000000060

5 3 3 8 137 0.000000070

5 3 3 9 113 0.000000060

5 3 3 10 156 0.000000060

5 3 4 1 175 0.000000040

5 3 4 2 175 0.000000060

5 3 4 3 183 0.000000060

5 3 4 4 171 0.000000080

5 3 4 5 174 0.000000070

5 3 4 6 178 0.000000070

5 3 4 7 177 0.000000050

5 3 4 8 178 0.000000060

5 3 4 9 172 0.000000060

5 3 4 10 179 0.000000060

5 3 5 1 314 0.000000040

5 3 5 2 470 0.000000060

5 3 5 3 340 0.000000060

5 3 5 4 266 0.000000060

5 3 5 5 425 0.000000060

5 3 5 6 356 0.000000060

5 3 5 7 408 0.000000060

5 3 5 8 391 0.000000040

5 3 5 9 372 0.000000040

5 3 5 10 345 0.000000060

6 2 1 1 122 0.000000090

6 2 1 2 155 0.000000060

6 2 1 3 214 0.000000070

6 2 1 4 133 0.000000060

6 2 1 5 130 0.000000070

6 2 1 6 195 0.000000080

6 2 1 7 125 0.000000080

6 2 1 8 225 0.000000090

6 2 1 9 104 0.000000110

6 2 1 10 160 0.000000080

6 2 2 1 219 0.000000070

6 2 2 2 148 0.000000080

6 2 2 3 228 0.000000070

6 2 2 4 186 0.000000060

6 2 2 5 187 0.000000080

6 2 2 6 177 0.000000070

6 2 2 7 210 0.000000070

6 2 2 8 189 0.000000070

6 2 2 9 183 0.000000080

6 2 2 10 196 0.000000060

6 2 3 1 231 0.000000060

6 2 3 2 241 0.000000060

6 2 3 3 231 0.000000070

6 2 3 4 234 0.000000070

6 2 3 5 219 0.000000060

6 2 3 6 211 0.000000070

6 2 3 7 252 0.000000080

6 2 3 8 224 0.000000060

6 2 3 9 232 0.000000080

6 2 3 10 203 0.000000080

6 2 4 1 271 0.000000060

6 2 4 2 277 0.000000080

6 2 4 3 268 0.000000080

6 2 4 4 292 0.000000060

6 2 4 5 276 0.000000050

6 2 4 6 267 0.000000060

6 2 4 7 265 0.000000070

6 2 4 8 282 0.000000060

6 2 4 9 271 0.000000060

6 2 4 10 281 0.000000070

6 2 5 1 571 0.000000070

6 2 5 2 798 0.000000070

6 2 5 3 738 0.000000060

6 2 5 4 481 0.000000060

6 2 5 5 840 0.000000060

6 2 5 6 742 0.000000080

6 2 5 7 466 0.000000100

6 2 5 8 596 0.000000060

6 2 5 9 636 0.000000070

6 2 5 10 557 0.000000080

6 3 1 1 102 0.000000070

6 3 1 2 99 0.000000090

6 3 1 3 122 0.000000050

6 3 1 4 83 0.000000070

6 3 1 5 125 0.000000080

6 3 1 6 92 0.000000070

6 3 1 7 126 0.000000080

6 3 1 8 144 0.000000080

6 3 1 9 125 0.000000100

6 3 1 10 100 0.000000069

6 3 2 1 133 0.000000071

6 3 2 2 140 0.000000080

6 3 2 3 110 0.000000069

6 3 2 4 164 0.000000091

6 3 2 5 139 0.000000111

6 3 2 6 149 0.000000091

6 3 2 7 139 0.000000080

6 3 2 8 128 0.000000089

6 3 2 9 146 0.000000060

6 3 2 10 162 0.000000080

6 3 3 1 143 0.000000080

6 3 3 2 153 0.000000091

6 3 3 3 167 0.000000100

6 3 3 4 142 0.000000080

6 3 3 5 181 0.000000080

6 3 3 6 168 0.000000080

6 3 3 7 168 0.000000080

6 3 3 8 154 0.000000089

6 3 3 9 159 0.000000060

6 3 3 10 173 0.000000069

6 3 4 1 179 0.000000080

6 3 4 2 183 0.000000069

6 3 4 3 177 0.000000069

6 3 4 4 188 0.000000080

6 3 4 5 173 0.000000069

6 3 4 6 178 0.000000069

6 3 4 7 187 0.000000080

6 3 4 8 190 0.000000069

6 3 4 9 192 0.000000080

6 3 4 10 185 0.000000071

6 3 5 1 325 0.000000071

6 3 5 2 469 0.000000069

6 3 5 3 470 0.000000069

6 3 5 4 357 0.000000060

6 3 5 5 394 0.000000080

6 3 5 6 433 0.000000069

6 3 5 7 468 0.000000069

6 3 5 8 401 0.000000071

6 3 5 9 383 0.000000071

6 3 5 10 467 0.000000069

7 2 1 1 249 0.000000080

7 2 1 2 128 0.000000069

7 2 1 3 106 0.000000100

7 2 1 4 196 0.000000091

7 2 1 5 198 0.000000091

7 2 1 6 214 0.000000069

7 2 1 7 201 0.000000080

7 2 1 8 156 0.000000071

7 2 1 9 144 0.000000100

7 2 1 10 137 0.000000071

7 2 2 1 199 0.000000089

7 2 2 2 232 0.000000069

7 2 2 3 250 0.000000091

7 2 2 4 240 0.000000111

7 2 2 5 227 0.000000071

7 2 2 6 234 0.000000091

7 2 2 7 257 0.000000089

7 2 2 8 225 0.000000100

7 2 2 9 273 0.000000060

7 2 2 10 198 0.000000080

7 2 3 1 255 0.000000091

7 2 3 2 308 0.000000100

7 2 3 3 340 0.000000080

7 2 3 4 286 0.000000089

7 2 3 5 272 0.000000071

7 2 3 6 292 0.000000090

7 2 3 7 280 0.000000080

7 2 3 8 280 0.000000090

7 2 3 9 296 0.000000090

7 2 3 10 295 0.000000080

7 2 4 1 340 0.000000100

7 2 4 2 360 0.000000070

7 2 4 3 349 0.000000100

7 2 4 4 357 0.000000080

7 2 4 5 356 0.000000080

7 2 4 6 356 0.000000090

7 2 4 7 350 0.000000070

7 2 4 8 352 0.000000090

7 2 4 9 357 0.000000110

7 2 4 10 363 0.000000060

7 2 5 1 924 0.000000090

7 2 5 2 849 0.000000080

7 2 5 3 664 0.000000070

7 2 5 4 524 0.000000070

7 2 5 5 726 0.000000090

7 2 5 6 876 0.000000090

7 2 5 7 810 0.000000080

7 2 5 8 718 0.000000070

7 2 5 9 758 0.000000060

7 2 5 10 700 0.000000070

7 3 1 1 152 0.000000090

7 3 1 2 151 0.000000080

7 3 1 3 124 0.000000050

7 3 1 4 106 0.000000080

7 3 1 5 137 0.000000080

7 3 1 6 119 0.000000080

7 3 1 7 74 0.000000090

7 3 1 8 124 0.000000090

7 3 1 9 98 0.000000080

7 3 1 10 98 0.000000080

7 3 2 1 154 0.000000080

7 3 2 2 208 0.000000080

7 3 2 3 199 0.000000090

7 3 2 4 143 0.000000100

7 3 2 5 188 0.000000100

7 3 2 6 144 0.000000070

7 3 2 7 162 0.000000120

7 3 2 8 160 0.000000100

7 3 2 9 183 0.000000060

7 3 2 10 125 0.000000090

7 3 3 1 228 0.000000120

7 3 3 2 202 0.000000080

7 3 3 3 244 0.000000080

7 3 3 4 203 0.000000100

7 3 3 5 187 0.000000080

7 3 3 6 194 0.000000100

7 3 3 7 176 0.000000100

7 3 3 8 183 0.000000090

7 3 3 9 228 0.000000080

7 3 3 10 210 0.000000080

7 3 4 1 263 0.000000080

7 3 4 2 267 0.000000080

7 3 4 3 275 0.000000080

7 3 4 4 266 0.000000080

7 3 4 5 269 0.000000080

7 3 4 6 251 0.000000080

7 3 4 7 272 0.000000080

7 3 4 8 275 0.000000080

7 3 4 9 261 0.000000070

7 3 4 10 271 0.000000080

7 3 5 1 404 0.000000080

7 3 5 2 291 0.000000080

7 3 5 3 433 0.000000080

7 3 5 4 621 0.000000080

7 3 5 5 545 0.000000080

7 3 5 6 351 0.000000080

7 3 5 7 495 0.000000080

7 3 5 8 505 0.000000080

7 3 5 9 556 0.000000080

7 3 5 10 432 0.000000080

10 3 1 1 151 0.000000110

10 3 1 2 216 0.000000100

10 3 1 3 185 0.000000100

10 3 1 4 223 0.000000100

10 3 1 5 128 0.000000110

10 3 1 6 193 0.000000110

10 3 1 7 180 0.000000100

10 3 1 8 139 0.000000100

10 3 1 9 187 0.000000100

10 3 1 10 185 0.000000100

10 3 2 1 203 0.000000100

10 3 2 2 210 0.000000100

10 3 2 3 254 0.000000100

10 3 2 4 241 0.000000100

10 3 2 5 229 0.000000100

10 3 2 6 246 0.000000100

10 3 2 7 233 0.000000120

10 3 2 8 221 0.000000120

10 3 2 9 203 0.000000110

10 3 2 10 247 0.000000100

10 3 3 1 314 0.000000100

10 3 3 2 297 0.000000100

10 3 3 3 271 0.000000140

10 3 3 4 320 0.000000120

10 3 3 5 273 0.000000090

10 3 3 6 313 0.000000100

10 3 3 7 294 0.000000150

10 3 3 8 288 0.000000100

10 3 3 9 283 0.000000120

10 3 3 10 282 0.000000110

10 3 4 1 354 0.000000150

10 3 4 2 359 0.000000100

10 3 4 3 345 0.000000110

10 3 4 4 354 0.000000100

10 3 4 5 359 0.000000110

10 3 4 6 346 0.000000130

10 3 4 7 349 0.000000110

10 3 4 8 342 0.000000100

10 3 4 9 364 0.000000100

10 3 4 10 355 0.000000110

10 3 5 1 670 0.000000130

10 3 5 2 755 0.000000110

10 3 5 3 657 0.000000110

10 3 5 4 609 0.000000110

10 3 5 5 827 0.000000110

10 3 5 6 676 0.000000110

10 3 5 7 795 0.000000100

10 3 5 8 601 0.000000140

10 3 5 9 591 0.000000110

10 3 5 10 745 0.000000110

10 5 1 1 89 0.000000170

10 5 1 2 148 0.000000140

10 5 1 3 103 0.000000110

10 5 1 4 112 0.000000120

10 5 1 5 99 0.000000110

10 5 1 6 132 0.000000130

10 5 1 7 121 0.000000120

10 5 1 8 134 0.000000140

10 5 1 9 142 0.000000130

10 5 1 10 113 0.000000130

10 5 2 1 151 0.000000120

10 5 2 2 162 0.000000120

10 5 2 3 152 0.000000090

10 5 2 4 128 0.000000130

10 5 2 5 153 0.000000110

10 5 2 6 144 0.000000120

10 5 2 7 128 0.000000130

10 5 2 8 155 0.000000120

10 5 2 9 129 0.000000130

10 5 2 10 111 0.000000130

10 5 3 1 151 0.000000120

10 5 3 2 171 0.000000110

10 5 3 3 152 0.000000120

10 5 3 4 161 0.000000130

10 5 3 5 151 0.000000100

10 5 3 6 156 0.000000120

10 5 3 7 167 0.000000120

10 5 3 8 148 0.000000120

10 5 3 9 150 0.000000120

10 5 3 10 155 0.000000120

10 5 4 1 182 0.000000120

10 5 4 2 184 0.000000130

10 5 4 3 188 0.000000120

10 5 4 4 181 0.000000110

10 5 4 5 187 0.000000120

10 5 4 6 192 0.000000140

10 5 4 7 183 0.000000130

10 5 4 8 188 0.000000130

10 5 4 9 188 0.000000120

10 5 4 10 183 0.000000120

10 5 5 1 378 0.000000130

10 5 5 2 381 0.000000120

10 5 5 3 396 0.000000140

10 5 5 4 406 0.000000110

10 5 5 5 441 0.000000140

10 5 5 6 446 0.000000120

10 5 5 7 442 0.000000120

10 5 5 8 457 0.000000120

10 5 5 9 407 0.000000120

10 5 5 10 369 0.000000120

10 7 1 1 93 0.000000160

10 7 1 2 81 0.000000150

10 7 1 3 98 0.000000130

10 7 1 4 93 0.000000140

10 7 1 5 99 0.000000130

10 7 1 6 86 0.000000150

10 7 1 7 94 0.000000130

10 7 1 8 95 0.000000120

10 7 1 9 120 0.000000120

10 7 1 10 96 0.000000130

10 7 2 1 115 0.000000120

10 7 2 2 119 0.000000160

10 7 2 3 115 0.000000160

10 7 2 4 129 0.000000130

10 7 2 5 109 0.000000120

10 7 2 6 108 0.000000140

10 7 2 7 99 0.000000120

10 7 2 8 123 0.000000120

10 7 2 9 107 0.000000120

10 7 2 10 111 0.000000120

10 7 3 1 145 0.000000120

10 7 3 2 143 0.000000110

10 7 3 3 133 0.000000120

10 7 3 4 150 0.000000130

10 7 3 5 160 0.000000120

10 7 3 6 134 0.000000160

10 7 3 7 132 0.000000140

10 7 3 8 126 0.000000130

10 7 3 9 138 0.000000130

10 7 3 10 152 0.000000120

10 7 4 1 170 0.000000140

10 7 4 2 171 0.000000140

10 7 4 3 178 0.000000120

10 7 4 4 167 0.000000130

10 7 4 5 182 0.000000120

10 7 4 6 171 0.000000140

10 7 4 7 180 0.000000140

10 7 4 8 165 0.000000130

10 7 4 9 166 0.000000590

10 7 4 10 171 0.000000160

10 7 5 1 326 0.000000130

10 7 5 2 323 0.000000150

10 7 5 3 365 0.000000150

10 7 5 4 344 0.000000150

10 7 5 5 282 0.000000140

10 7 5 6 297 0.000000140

10 7 5 7 373 0.000000120

10 7 5 8 310 0.000000120

10 7 5 9 273 0.000000140

10 7 5 10 404 0.000000120

12 3 1 1 207 0.000000110

12 3 1 2 251 0.000000130

12 3 1 3 197 0.000000140

12 3 1 4 293 0.000000120

12 3 1 5 215 0.000000120

12 3 1 6 225 0.000000110

12 3 1 7 182 0.000000130

12 3 1 8 203 0.000000120

12 3 1 9 232 0.000000100

12 3 1 10 227 0.000000110

12 3 2 1 263 0.000000130

12 3 2 2 307 0.000000110

12 3 2 3 247 0.000000140

12 3 2 4 269 0.000000120

12 3 2 5 290 0.000000120

12 3 2 6 255 0.000000110

12 3 2 7 267 0.000000140

12 3 2 8 333 0.000000120

12 3 2 9 287 0.000000120

12 3 2 10 280 0.000000110

12 3 3 1 311 0.000000150

12 3 3 2 293 0.000000120

12 3 3 3 290 0.000000110

12 3 3 4 301 0.000000120

12 3 3 5 284 0.000000110

12 3 3 6 330 0.000000140

12 3 3 7 318 0.000000140

12 3 3 8 320 0.000000110

12 3 3 9 281 0.000000120

12 3 3 10 289 0.000000150

12 3 4 1 363 0.000000120

12 3 4 2 359 0.000000130

12 3 4 3 363 0.000000110

12 3 4 4 359 0.000000140

12 3 4 5 368 0.000000120

12 3 4 6 360 0.000000120

12 3 4 7 370 0.000000180

12 3 4 8 353 0.000000140

12 3 4 9 362 0.000000120

12 3 4 10 364 0.000000120

12 3 5 1 760 0.000000110

12 3 5 2 746 0.000000150

12 3 5 3 776 0.000000140

12 3 5 4 743 0.000000130

12 3 5 5 839 0.000000120

12 3 5 6 813 0.000000110

12 3 5 7 717 0.000000140

12 3 5 8 734 0.000000120

12 3 5 9 723 0.000000120

12 3 5 10 657 0.000000110

12 5 1 1 122 0.000000170

12 5 1 2 118 0.000000140

12 5 1 3 158 0.000000130

12 5 1 4 146 0.000000150

12 5 1 5 158 0.000000160

12 5 1 6 140 0.000000150

12 5 1 7 137 0.000000140

12 5 1 8 171 0.000000130

12 5 1 9 132 0.000000130

12 5 1 10 115 0.000000130

12 5 2 1 165 0.000000140

12 5 2 2 213 0.000000130

12 5 2 3 177 0.000000130

12 5 2 4 173 0.000000110

12 5 2 5 162 0.000000150

12 5 2 6 174 0.000000130

12 5 2 7 193 0.000000130

12 5 2 8 158 0.000000130

12 5 2 9 210 0.000000140

12 5 2 10 181 0.000000130

12 5 3 1 208 0.000000130

12 5 3 2 215 0.000000140

12 5 3 3 214 0.000000140

12 5 3 4 200 0.000000150

12 5 3 5 214 0.000000130

12 5 3 6 231 0.000000140

12 5 3 7 217 0.000000130

12 5 3 8 220 0.000000140

12 5 3 9 218 0.000000140

12 5 3 10 194 0.000000130

12 5 4 1 257 0.000000130

12 5 4 2 267 0.000000120

12 5 4 3 255 0.000000130

12 5 4 4 262 0.000000130

12 5 4 5 264 0.000000130

12 5 4 6 269 0.000000140

12 5 4 7 255 0.000000130

12 5 4 8 265 0.000000130

12 5 4 9 261 0.000000130

12 5 4 10 263 0.000000120

12 5 5 1 491 0.000000150

12 5 5 2 612 0.000000130

12 5 5 3 510 0.000000140

12 5 5 4 494 0.000000140

12 5 5 5 462 0.000000130

12 5 5 6 614 0.000000130

12 5 5 7 482 0.000000160

12 5 5 8 470 0.000000140

12 5 5 9 482 0.000000130

12 5 5 10 511 0.000000130

12 7 1 1 118 0.000000180

12 7 1 2 129 0.000000180

12 7 1 3 112 0.000000140

12 7 1 4 119 0.000000140

12 7 1 5 94 0.000000140

12 7 1 6 93 0.000000160

12 7 1 7 96 0.000000130

12 7 1 8 101 0.000000140

12 7 1 9 99 0.000000150

12 7 1 10 85 0.000000190

12 7 2 1 144 0.000000150

12 7 2 2 123 0.000000140

12 7 2 3 122 0.000000140

12 7 2 4 138 0.000000180

12 7 2 5 128 0.000000160

12 7 2 6 116 0.000000120

12 7 2 7 132 0.000000140

12 7 2 8 153 0.000000170

12 7 2 9 151 0.000000150

12 7 2 10 112 0.000000140

12 7 3 1 155 0.000000130

12 7 3 2 128 0.000000140

12 7 3 3 154 0.000000180

12 7 3 4 143 0.000000140

12 7 3 5 148 0.000000190

12 7 3 6 170 0.000000150

12 7 3 7 147 0.000000130

12 7 3 8 149 0.000000150

12 7 3 9 160 0.000000180

12 7 3 10 146 0.000000150

12 7 4 1 178 0.000000140

12 7 4 2 180 0.000000170

12 7 4 3 178 0.000000180

12 7 4 4 175 0.000000150

12 7 4 5 184 0.000000140

12 7 4 6 174 0.000000140

12 7 4 7 171 0.000000160

12 7 4 8 182 0.000000160

12 7 4 9 178 0.000000140

12 7 4 10 168 0.000000150

12 7 5 1 371 0.000000150

12 7 5 2 339 0.000000160

12 7 5 3 437 0.000000160

12 7 5 4 342 0.000000130

12 7 5 5 305 0.000000170

12 7 5 6 404 0.000000140

12 7 5 7 285 0.000000140

12 7 5 8 394 0.000000160

12 7 5 9 370 0.000000140

12 7 5 10 433 0.000000140

15 3 1 1 256 0.000000150

15 3 1 2 299 0.000000140

15 3 1 3 252 0.000000160

15 3 1 4 289 0.000000140

15 3 1 5 292 0.000000170

15 3 1 6 255 0.000000150

15 3 1 7 223 0.000000160

15 3 1 8 282 0.000000180

15 3 1 9 253 0.000000150

15 3 1 10 318 0.000000140

15 3 2 1 315 0.000000160

15 3 2 2 374 0.000000191

15 3 2 3 364 0.000000169

15 3 2 4 273 0.000000160

15 3 2 5 355 0.000000149

15 3 2 6 306 0.000000151

15 3 2 7 323 0.000000140

15 3 2 8 320 0.000000149

15 3 2 9 284 0.000000191

15 3 2 10 313 0.000000149

15 3 3 1 391 0.000000160

15 3 3 2 389 0.000000160

15 3 3 3 381 0.000000160

15 3 3 4 385 0.000000149

15 3 3 5 407 0.000000140

15 3 3 6 359 0.000000180

15 3 3 7 395 0.000000180

15 3 3 8 371 0.000000169

15 3 3 9 338 0.000000160

15 3 3 10 408 0.000000160

15 3 4 1 438 0.000000169

15 3 4 2 430 0.000000160

15 3 4 3 455 0.000000140

15 3 4 4 463 0.000000180

15 3 4 5 446 0.000000191

15 3 4 6 455 0.000000180

15 3 4 7 461 0.000000180

15 3 4 8 450 0.000000160

15 3 4 9 441 0.000000160

15 3 4 10 450 0.000000151

15 3 5 1 1081 0.000000149

15 3 5 2 939 0.000000160

15 3 5 3 942 0.000000171

15 3 5 4 906 0.000000140

15 3 5 5 959 0.000000151

15 3 5 6 991 0.000000140

15 3 5 7 1016 0.000000131

15 3 5 8 1068 0.000000160

15 3 5 9 911 0.000000149

15 3 5 10 861 0.000000140

15 5 1 1 168 0.000000180

15 5 1 2 146 0.000000140

15 5 1 3 175 0.000000140

15 5 1 4 174 0.000000140

15 5 1 5 183 0.000000140

15 5 1 6 171 0.000000140

15 5 1 7 168 0.000000160

15 5 1 8 159 0.000000189

15 5 1 9 124 0.000000160

15 5 1 10 177 0.000000140

15 5 2 1 197 0.000000140

15 5 2 2 204 0.000000189

15 5 2 3 195 0.000000149

15 5 2 4 225 0.000000180

15 5 2 5 185 0.000000191

15 5 2 6 198 0.000000140

15 5 2 7 199 0.000000189

15 5 2 8 221 0.000000171

15 5 2 9 190 0.000000189

15 5 2 10 194 0.000000160

15 5 3 1 222 0.000000180

15 5 3 2 228 0.000000151

15 5 3 3 244 0.000000140

15 5 3 4 226 0.000000140

15 5 3 5 251 0.000000160

15 5 3 6 214 0.000000140

15 5 3 7 239 0.000000200

15 5 3 8 227 0.000000189

15 5 3 9 215 0.000000160

15 5 3 10 221 0.000000140

15 5 4 1 274 0.000000150

15 5 4 2 268 0.000000150

15 5 4 3 274 0.000000150

15 5 4 4 273 0.000000160

15 5 4 5 268 0.000000130

15 5 4 6 279 0.000000150

15 5 4 7 274 0.000000150

15 5 4 8 267 0.000000140

15 5 4 9 284 0.000000140

15 5 4 10 273 0.000000150

15 5 5 1 592 0.000000160

15 5 5 2 594 0.000000150

15 5 5 3 582 0.000000190

15 5 5 4 522 0.000000190

15 5 5 5 591 0.000000160

15 5 5 6 566 0.000000130

15 5 5 7 526 0.000000150

15 5 5 8 536 0.000000130

15 5 5 9 629 0.000000120

15 5 5 10 605 0.000000150

15 7 1 1 115 0.000000240

15 7 1 2 142 0.000000200

15 7 1 3 97 0.000000190

15 7 1 4 121 0.000000160

15 7 1 5 96 0.000000150

15 7 1 6 109 0.000000210

15 7 1 7 100 0.000000200

15 7 1 8 134 0.000000170

15 7 1 9 141 0.000000160

15 7 1 10 128 0.000000220

15 7 2 1 159 0.000000160

15 7 2 2 170 0.000000150

15 7 2 3 169 0.000000150

15 7 2 4 135 0.000000210

15 7 2 5 145 0.000000190

15 7 2 6 139 0.000000150

15 7 2 7 164 0.000000190

15 7 2 8 144 0.000000210

15 7 2 9 165 0.000000190

15 7 2 10 148 0.000000160

15 7 3 1 186 0.000000200

15 7 3 2 214 0.000000150

15 7 3 3 178 0.000000160

15 7 3 4 191 0.000000200

15 7 3 5 193 0.000000200

15 7 3 6 183 0.000000180

15 7 3 7 200 0.000000210

15 7 3 8 195 0.000000150

15 7 3 9 202 0.000000680

15 7 3 10 196 0.000000190

15 7 4 1 252 0.000000160

15 7 4 2 256 0.000000210

15 7 4 3 262 0.000000150

15 7 4 4 250 0.000000160

15 7 4 5 259 0.000000170

15 7 4 6 262 0.000000160

15 7 4 7 258 0.000000170

15 7 4 8 264 0.000000160

15 7 4 9 252 0.000000160

15 7 4 10 256 0.000000170

15 7 5 1 429 0.000000230

15 7 5 2 565 0.000000200

15 7 5 3 496 0.000000180

15 7 5 4 376 0.000000210

15 7 5 5 479 0.000000200

15 7 5 6 468 0.000000160

15 7 5 7 420 0.000000210

15 7 5 8 477 0.000000150

15 7 5 9 434 0.000000150

15 7 5 10 399 0.000000160

