5 2 1 1 139 0.000000069

5 2 1 2 151 0.000000091

5 2 1 3 166 0.000000071

5 2 1 4 142 0.000000060

5 2 1 5 145 0.000000091

5 2 1 6 187 0.000000069

5 2 1 7 170 0.000000080

5 2 1 8 118 0.000000071

5 2 1 9 150 0.000000060

5 2 1 10 168 0.000000069

5 2 2 1 169 0.000000071

5 2 2 2 211 0.000000069

5 2 2 3 194 0.000000071

5 2 2 4 176 0.000000060

5 2 2 5 186 0.000000049

5 2 2 6 250 0.000000051

5 2 2 7 167 0.000000060

5 2 2 8 228 0.000000060

5 2 2 9 184 0.000000060

5 2 2 10 206 0.000000069

5 2 3 1 220 0.000000051

5 2 3 2 230 0.000000060

5 2 3 3 185 0.000000049

5 2 3 4 201 0.000000060

5 2 3 5 216 0.000000060

5 2 3 6 259 0.000000049

5 2 3 7 228 0.000000060

5 2 3 8 227 0.000000051

5 2 3 9 227 0.000000060

5 2 3 10 222 0.000000069

5 2 4 1 276 0.000000049

5 2 4 2 248 0.000000060

5 2 4 3 258 0.000000051

5 2 4 4 266 0.000000049

5 2 4 5 259 0.000000060

5 2 4 6 269 0.000000069

5 2 4 7 272 0.000000100

5 2 4 8 274 0.000000071

5 2 4 9 272 0.000000071

5 2 4 10 270 0.000000071

5 2 5 1 466 0.000000060

5 2 5 2 499 0.000000060

5 2 5 3 472 0.000000060

5 2 5 4 444 0.000000049

5 2 5 5 546 0.000000049

5 2 5 6 580 0.000000051

5 2 5 7 513 0.000000051

5 2 5 8 487 0.000000060

5 2 5 9 672 0.000000049

5 2 5 10 619 0.000000060

5 3 1 1 96 0.000000060

5 3 1 2 129 0.000000080

5 3 1 3 118 0.000000069

5 3 1 4 99 0.000000060

5 3 1 5 154 0.000000060

5 3 1 6 114 0.000000071

5 3 1 7 131 0.000000060

5 3 1 8 124 0.000000060

5 3 1 9 106 0.000000060

5 3 1 10 100 0.000000060

5 3 2 1 129 0.000000051

5 3 2 2 141 0.000000060

5 3 2 3 141 0.000000060

5 3 2 4 164 0.000000060

5 3 2 5 123 0.000000060

5 3 2 6 145 0.000000060

5 3 2 7 167 0.000000051

5 3 2 8 149 0.000000060

5 3 2 9 121 0.000000080

5 3 2 10 122 0.000000091

5 3 3 1 165 0.000000069

5 3 3 2 170 0.000000091

5 3 3 3 147 0.000000080

5 3 3 4 155 0.000000060

5 3 3 5 165 0.000000060

5 3 3 6 155 0.000000060

5 3 3 7 150 0.000000050

5 3 3 8 144 0.000000060

5 3 3 9 138 0.000000050

5 3 3 10 167 0.000000050

5 3 4 1 183 0.000000060

5 3 4 2 176 0.000000060

5 3 4 3 185 0.000000060

5 3 4 4 180 0.000000060

5 3 4 5 178 0.000000060

5 3 4 6 176 0.000000050

5 3 4 7 177 0.000000050

5 3 4 8 184 0.000000060

5 3 4 9 176 0.000000060

5 3 4 10 186 0.000000050

5 3 5 1 339 0.000000080

5 3 5 2 490 0.000000050

5 3 5 3 412 0.000000060

5 3 5 4 301 0.000000090

5 3 5 5 436 0.000000070

5 3 5 6 395 0.000000090

5 3 5 7 475 0.000000070

5 3 5 8 419 0.000000070

5 3 5 9 417 0.000000070

5 3 5 10 366 0.000000090

6 2 1 1 125 0.000000080

6 2 1 2 157 0.000000060

6 2 1 3 214 0.000000060

6 2 1 4 165 0.000000070

6 2 1 5 158 0.000000070

6 2 1 6 209 0.000000060

6 2 1 7 118 0.000000080

6 2 1 8 238 0.000000060

6 2 1 9 104 0.000000050

6 2 1 10 172 0.000000060

6 2 2 1 212 0.000000080

6 2 2 2 148 0.000000070

6 2 2 3 226 0.000000070

6 2 2 4 201 0.000000080

6 2 2 5 192 0.000000070

6 2 2 6 176 0.000000100

6 2 2 7 225 0.000000070

6 2 2 8 189 0.000000060

6 2 2 9 197 0.000000070

6 2 2 10 209 0.000000060

6 2 3 1 228 0.000000070

6 2 3 2 244 0.000000070

6 2 3 3 234 0.000000080

6 2 3 4 234 0.000000080

6 2 3 5 219 0.000000070

6 2 3 6 212 0.000000070

6 2 3 7 252 0.000000070

6 2 3 8 225 0.000000060

6 2 3 9 240 0.000000060

6 2 3 10 203 0.000000060

6 2 4 1 273 0.000000070

6 2 4 2 279 0.000000070

6 2 4 3 268 0.000000060

6 2 4 4 292 0.000000060

6 2 4 5 276 0.000000080

6 2 4 6 269 0.000000080

6 2 4 7 273 0.000000060

6 2 4 8 283 0.000000070

6 2 4 9 272 0.000000070

6 2 4 10 279 0.000000060

6 2 5 1 571 0.000000080

6 2 5 2 800 0.000000060

6 2 5 3 712 0.000000060

6 2 5 4 484 0.000000060

6 2 5 5 841 0.000000080

6 2 5 6 731 0.000000060

6 2 5 7 466 0.000000060

6 2 5 8 576 0.000000070

6 2 5 9 636 0.000000070

6 2 5 10 575 0.000000060

6 3 1 1 116 0.000000080

6 3 1 2 121 0.000000060

6 3 1 3 141 0.000000080

6 3 1 4 107 0.000000060

6 3 1 5 142 0.000000060

6 3 1 6 96 0.000000070

6 3 1 7 126 0.000000070

6 3 1 8 144 0.000000070

6 3 1 9 135 0.000000070

6 3 1 10 111 0.000000070

6 3 2 1 139 0.000000070

6 3 2 2 139 0.000000070

6 3 2 3 125 0.000000060

6 3 2 4 172 0.000000060

6 3 2 5 160 0.000000060

6 3 2 6 150 0.000000060

6 3 2 7 154 0.000000060

6 3 2 8 150 0.000000070

6 3 2 9 146 0.000000060

6 3 2 10 171 0.000000050

6 3 3 1 145 0.000000060

6 3 3 2 159 0.000000060

6 3 3 3 168 0.000000120

6 3 3 4 142 0.000000070

6 3 3 5 181 0.000000110

6 3 3 6 181 0.000000120

6 3 3 7 175 0.000000070

6 3 3 8 147 0.000000070

6 3 3 9 161 0.000000070

6 3 3 10 174 0.000000070

6 3 4 1 180 0.000000070

6 3 4 2 184 0.000000070

6 3 4 3 177 0.000000070

6 3 4 4 190 0.000000060

6 3 4 5 174 0.000000070

6 3 4 6 178 0.000000060

6 3 4 7 191 0.000000060

6 3 4 8 191 0.000000060

6 3 4 9 192 0.000000060

6 3 4 10 189 0.000000060

6 3 5 1 346 0.000000080

6 3 5 2 469 0.000000070

6 3 5 3 482 0.000000060

6 3 5 4 370 0.000000070

6 3 5 5 391 0.000000070

6 3 5 6 439 0.000000060

6 3 5 7 505 0.000000070

6 3 5 8 443 0.000000070

6 3 5 9 374 0.000000050

6 3 5 10 473 0.000000060

7 2 1 1 272 0.000000060

7 2 1 2 158 0.000000060

7 2 1 3 105 0.000000080

7 2 1 4 197 0.000000080

7 2 1 5 215 0.000000070

7 2 1 6 215 0.000000070

7 2 1 7 222 0.000000080

7 2 1 8 172 0.000000070

7 2 1 9 165 0.000000070

7 2 1 10 139 0.000000070

7 2 2 1 221 0.000000080

7 2 2 2 212 0.000000070

7 2 2 3 279 0.000000090

7 2 2 4 242 0.000000070

7 2 2 5 234 0.000000070

7 2 2 6 231 0.000000060

7 2 2 7 251 0.000000060

7 2 2 8 236 0.000000070

7 2 2 9 289 0.000000080

7 2 2 10 193 0.000000080

7 2 3 1 248 0.000000070

7 2 3 2 313 0.000000070

7 2 3 3 346 0.000000060

7 2 3 4 289 0.000000070

7 2 3 5 279 0.000000070

7 2 3 6 292 0.000000070

7 2 3 7 280 0.000000070

7 2 3 8 289 0.000000070

7 2 3 9 296 0.000000070

7 2 3 10 285 0.000000070

7 2 4 1 342 0.000000070

7 2 4 2 360 0.000000080

7 2 4 3 360 0.000000080

7 2 4 4 356 0.000000070

7 2 4 5 351 0.000000070

7 2 4 6 361 0.000000070

7 2 4 7 351 0.000000070

7 2 4 8 356 0.000000070

7 2 4 9 371 0.000000070

7 2 4 10 369 0.000000080

7 2 5 1 945 0.000000060

7 2 5 2 848 0.000000070

7 2 5 3 677 0.000000070

7 2 5 4 620 0.000000070

7 2 5 5 726 0.000000080

7 2 5 6 915 0.000000070

7 2 5 7 850 0.000000070

7 2 5 8 724 0.000000070

7 2 5 9 798 0.000000080

7 2 5 10 700 0.000000080

7 3 1 1 170 0.000000070

7 3 1 2 158 0.000000060

7 3 1 3 124 0.000000070

7 3 1 4 107 0.000000080

7 3 1 5 150 0.000000080

7 3 1 6 141 0.000000080

7 3 1 7 89 0.000000080

7 3 1 8 151 0.000000080

7 3 1 9 136 0.000000090

7 3 1 10 110 0.000000080

7 3 2 1 142 0.000000070

7 3 2 2 211 0.000000110

7 3 2 3 223 0.000000100

7 3 2 4 146 0.000000090

7 3 2 5 174 0.000000070

7 3 2 6 140 0.000000060

7 3 2 7 183 0.000000090

7 3 2 8 196 0.000000100

7 3 2 9 215 0.000000100

7 3 2 10 126 0.000000120

7 3 3 1 228 0.000000090

7 3 3 2 204 0.000000100

7 3 3 3 249 0.000000110

7 3 3 4 215 0.000000120

7 3 3 5 198 0.000000110

7 3 3 6 215 0.000000090

7 3 3 7 174 0.000000090

7 3 3 8 194 0.000000060

7 3 3 9 223 0.000000070

7 3 3 10 231 0.000000200

7 3 4 1 274 0.000000090

7 3 4 2 268 0.000000070

7 3 4 3 273 0.000000090

7 3 4 4 273 0.000000090

7 3 4 5 274 0.000000100

7 3 4 6 256 0.000000150

7 3 4 7 280 0.000000120

7 3 4 8 279 0.000000100

7 3 4 9 261 0.000000100

7 3 4 10 280 0.000000100

7 3 5 1 399 0.000000070

7 3 5 2 291 0.000000090

7 3 5 3 444 0.000000090

7 3 5 4 614 0.000000060

7 3 5 5 558 0.000000080

7 3 5 6 366 0.000000100

7 3 5 7 518 0.000000080

7 3 5 8 594 0.000000080

7 3 5 9 582 0.000000080

7 3 5 10 447 0.000000100

10 3 1 1 157 0.000000100

10 3 1 2 205 0.000000120

10 3 1 3 207 0.000000160

10 3 1 4 237 0.000000120

10 3 1 5 154 0.000000100

10 3 1 6 214 0.000000100

10 3 1 7 191 0.000000130

10 3 1 8 139 0.000000140

10 3 1 9 190 0.000000110

10 3 1 10 205 0.000000120

10 3 2 1 204 0.000000110

10 3 2 2 203 0.000000120

10 3 2 3 266 0.000000090

10 3 2 4 251 0.000000110

10 3 2 5 230 0.000000110

10 3 2 6 237 0.000000130

10 3 2 7 258 0.000000100

10 3 2 8 220 0.000000140

10 3 2 9 207 0.000000120

10 3 2 10 265 0.000000130

10 3 3 1 331 0.000000150

10 3 3 2 287 0.000000110

10 3 3 3 282 0.000000090

10 3 3 4 319 0.000000130

10 3 3 5 278 0.000000110

10 3 3 6 313 0.000000100

10 3 3 7 293 0.000000080

10 3 3 8 305 0.000000090

10 3 3 9 301 0.000000100

10 3 3 10 273 0.000000100

10 3 4 1 355 0.000000090

10 3 4 2 358 0.000000100

10 3 4 3 341 0.000000100

10 3 4 4 350 0.000000090

10 3 4 5 358 0.000000110

10 3 4 6 344 0.000000090

10 3 4 7 353 0.000000100

10 3 4 8 345 0.000000100

10 3 4 9 361 0.000000120

10 3 4 10 354 0.000000130

10 3 5 1 638 0.000000120

10 3 5 2 743 0.000000100

10 3 5 3 694 0.000000140

10 3 5 4 617 0.000000180

10 3 5 5 820 0.000000110

10 3 5 6 670 0.000000100

10 3 5 7 786 0.000000120

10 3 5 8 606 0.000000150

10 3 5 9 605 0.000000120

10 3 5 10 740 0.000000110

10 5 1 1 96 0.000000180

10 5 1 2 159 0.000000170

10 5 1 3 119 0.000000140

10 5 1 4 111 0.000000120

10 5 1 5 113 0.000000090

10 5 1 6 131 0.000000110

10 5 1 7 141 0.000000090

10 5 1 8 142 0.000000150

10 5 1 9 156 0.000000100

10 5 1 10 137 0.000000130

10 5 2 1 151 0.000000130

10 5 2 2 167 0.000000129

10 5 2 3 158 0.000000140

10 5 2 4 141 0.000000120

10 5 2 5 149 0.000000149

10 5 2 6 159 0.000000109

10 5 2 7 151 0.000000131

10 5 2 8 153 0.000000131

10 5 2 9 139 0.000000100

10 5 2 10 119 0.000000131

10 5 3 1 152 0.000000140

10 5 3 2 179 0.000000100

10 5 3 3 154 0.000000111

10 5 3 4 164 0.000000140

10 5 3 5 159 0.000000140

10 5 3 6 164 0.000000131

10 5 3 7 160 0.000000111

10 5 3 8 151 0.000000140

10 5 3 9 160 0.000000131

10 5 3 10 170 0.000000111

10 5 4 1 183 0.000000129

10 5 4 2 186 0.000000131

10 5 4 3 188 0.000000120

10 5 4 4 182 0.000000151

10 5 4 5 191 0.000000111

10 5 4 6 193 0.000000129

10 5 4 7 185 0.000000129

10 5 4 8 192 0.000000140

10 5 4 9 190 0.000000109

10 5 4 10 183 0.000000129

10 5 5 1 391 0.000000140

10 5 5 2 418 0.000000129

10 5 5 3 394 0.000000120

10 5 5 4 487 0.000000140

10 5 5 5 466 0.000000140

10 5 5 6 482 0.000000131

10 5 5 7 461 0.000000131

10 5 5 8 485 0.000000131

10 5 5 9 484 0.000000120

10 5 5 10 436 0.000000120

10 7 1 1 113 0.000000180

10 7 1 2 82 0.000000149

10 7 1 3 103 0.000000180

10 7 1 4 121 0.000000180

10 7 1 5 105 0.000000160

10 7 1 6 91 0.000000150

10 7 1 7 100 0.000000160

10 7 1 8 99 0.000000140

10 7 1 9 130 0.000000160

10 7 1 10 118 0.000000170

10 7 2 1 132 0.000000270

10 7 2 2 139 0.000000180

10 7 2 3 138 0.000000150

10 7 2 4 148 0.000000160

10 7 2 5 147 0.000000140

10 7 2 6 132 0.000000180

10 7 2 7 131 0.000000160

10 7 2 8 149 0.000000190

10 7 2 9 141 0.000000130

10 7 2 10 140 0.000000170

10 7 3 1 165 0.000000200

10 7 3 2 150 0.000000150

10 7 3 3 152 0.000000160

10 7 3 4 155 0.000000140

10 7 3 5 167 0.000000170

10 7 3 6 153 0.000000160

10 7 3 7 145 0.000000180

10 7 3 8 154 0.000000150

10 7 3 9 149 0.000000170

10 7 3 10 152 0.000000180

10 7 4 1 181 0.000000130

10 7 4 2 177 0.000000190

10 7 4 3 183 0.000000150

10 7 4 4 179 0.000000140

10 7 4 5 184 0.000000160

10 7 4 6 179 0.000000140

10 7 4 7 183 0.000000170

10 7 4 8 174 0.000000150

10 7 4 9 174 0.000000150

10 7 4 10 178 0.000000140

10 7 5 1 370 0.000000170

10 7 5 2 380 0.000000130

10 7 5 3 393 0.000000130

10 7 5 4 440 0.000000170

10 7 5 5 372 0.000000150

10 7 5 6 382 0.000000190

10 7 5 7 437 0.000000150

10 7 5 8 410 0.000000150

10 7 5 9 362 0.000000140

10 7 5 10 469 0.000000170

12 3 1 1 205 0.000000160

12 3 1 2 265 0.000000120

12 3 1 3 205 0.000000130

12 3 1 4 294 0.000000130

12 3 1 5 225 0.000000130

12 3 1 6 242 0.000000150

12 3 1 7 202 0.000000140

12 3 1 8 226 0.000000110

12 3 1 9 241 0.000000120

12 3 1 10 232 0.000000160

12 3 2 1 272 0.000000140

12 3 2 2 311 0.000000120

12 3 2 3 256 0.000000140

12 3 2 4 280 0.000000120

12 3 2 5 272 0.000000110

12 3 2 6 263 0.000000120

12 3 2 7 262 0.000000120

12 3 2 8 337 0.000000110

12 3 2 9 296 0.000000100

12 3 2 10 289 0.000000120

12 3 3 1 318 0.000000130

12 3 3 2 299 0.000000120

12 3 3 3 298 0.000000150

12 3 3 4 308 0.000000140

12 3 3 5 295 0.000000130

12 3 3 6 334 0.000000110

12 3 3 7 320 0.000000120

12 3 3 8 321 0.000000120

12 3 3 9 287 0.000000110

12 3 3 10 303 0.000000120

12 3 4 1 361 0.000000130

12 3 4 2 358 0.000000180

12 3 4 3 365 0.000000170

12 3 4 4 360 0.000000140

12 3 4 5 370 0.000000140

12 3 4 6 362 0.000000160

12 3 4 7 370 0.000000170

12 3 4 8 355 0.000000150

12 3 4 9 362 0.000000120

12 3 4 10 364 0.000000170

12 3 5 1 766 0.000000160

12 3 5 2 769 0.000000140

12 3 5 3 779 0.000000150

12 3 5 4 795 0.000000170

12 3 5 5 828 0.000000170

12 3 5 6 885 0.000000170

12 3 5 7 751 0.000000160

12 3 5 8 808 0.000000140

12 3 5 9 730 0.000000130

12 3 5 10 700 0.000000100

12 5 1 1 134 0.000000180

12 5 1 2 146 0.000000170

12 5 1 3 161 0.000000130

12 5 1 4 155 0.000000130

12 5 1 5 177 0.000000140

12 5 1 6 158 0.000000130

12 5 1 7 135 0.000000140

12 5 1 8 185 0.000000130

12 5 1 9 148 0.000000140

12 5 1 10 130 0.000000150

12 5 2 1 164 0.000000150

12 5 2 2 217 0.000000150

12 5 2 3 191 0.000000140

12 5 2 4 166 0.000000130

12 5 2 5 183 0.000000140

12 5 2 6 189 0.000000120

12 5 2 7 202 0.000000150

12 5 2 8 199 0.000000190

12 5 2 9 205 0.000000140

12 5 2 10 201 0.000000130

12 5 3 1 210 0.000000120

12 5 3 2 216 0.000000130

12 5 3 3 230 0.000000140

12 5 3 4 221 0.000000160

12 5 3 5 220 0.000000130

12 5 3 6 231 0.000000170

12 5 3 7 214 0.000000130

12 5 3 8 232 0.000000160

12 5 3 9 227 0.000000110

12 5 3 10 193 0.000000130

12 5 4 1 263 0.000000150

12 5 4 2 274 0.000000120

12 5 4 3 257 0.000000130

12 5 4 4 269 0.000000160

12 5 4 5 269 0.000000120

12 5 4 6 273 0.000000130

12 5 4 7 258 0.000000160

12 5 4 8 267 0.000000140

12 5 4 9 266 0.000000170

12 5 4 10 271 0.000000160

12 5 5 1 580 0.000000120

12 5 5 2 619 0.000000140

12 5 5 3 527 0.000000160

12 5 5 4 501 0.000000140

12 5 5 5 505 0.000000130

12 5 5 6 670 0.000000130

12 5 5 7 558 0.000000110

12 5 5 8 524 0.000000140

12 5 5 9 584 0.000000130

12 5 5 10 531 0.000000170

12 7 1 1 132 0.000000170

12 7 1 2 142 0.000000160

12 7 1 3 138 0.000000180

12 7 1 4 127 0.000000150

12 7 1 5 114 0.000000170

12 7 1 6 117 0.000000160

12 7 1 7 126 0.000000150

12 7 1 8 137 0.000000200

12 7 1 9 133 0.000000160

12 7 1 10 104 0.000000190

12 7 2 1 162 0.000000150

12 7 2 2 157 0.000000170

12 7 2 3 141 0.000000160

12 7 2 4 154 0.000000130

12 7 2 5 142 0.000000170

12 7 2 6 132 0.000000150

12 7 2 7 137 0.000000170

12 7 2 8 161 0.000000180

12 7 2 9 161 0.000000180

12 7 2 10 132 0.000000180

12 7 3 1 170 0.000000160

12 7 3 2 157 0.000000140

12 7 3 3 160 0.000000170

12 7 3 4 164 0.000000170

12 7 3 5 156 0.000000150

12 7 3 6 179 0.000000180

12 7 3 7 152 0.000000180

12 7 3 8 160 0.000000170

12 7 3 9 168 0.000000150

12 7 3 10 164 0.000000160

12 7 4 1 183 0.000000150

12 7 4 2 186 0.000000140

12 7 4 3 184 0.000000170

12 7 4 4 181 0.000000170

12 7 4 5 189 0.000000130

12 7 4 6 182 0.000000110

12 7 4 7 177 0.000000150

12 7 4 8 186 0.000000140

12 7 4 9 183 0.000000150

12 7 4 10 179 0.000000110

12 7 5 1 438 0.000000150

12 7 5 2 433 0.000000130

12 7 5 3 461 0.000000140

12 7 5 4 405 0.000000140

12 7 5 5 367 0.000000140

12 7 5 6 410 0.000000160

12 7 5 7 389 0.000000170

12 7 5 8 425 0.000000140

12 7 5 9 425 0.000000130

12 7 5 10 470 0.000000140

15 3 1 1 260 0.000000180

15 3 1 2 318 0.000000130

15 3 1 3 261 0.000000140

15 3 1 4 305 0.000000120

15 3 1 5 291 0.000000110

15 3 1 6 252 0.000000130

15 3 1 7 227 0.000000150

15 3 1 8 294 0.000000140

15 3 1 9 261 0.000000140

15 3 1 10 323 0.000000140

15 3 2 1 316 0.000000130

15 3 2 2 384 0.000000150

15 3 2 3 364 0.000000140

15 3 2 4 277 0.000000130

15 3 2 5 367 0.000000140

15 3 2 6 313 0.000000130

15 3 2 7 335 0.000000140

15 3 2 8 323 0.000000270

15 3 2 9 295 0.000000180

15 3 2 10 316 0.000000150

15 3 3 1 394 0.000000180

15 3 3 2 390 0.000000170

15 3 3 3 381 0.000000180

15 3 3 4 385 0.000000150

15 3 3 5 407 0.000000140

15 3 3 6 371 0.000000190

15 3 3 7 400 0.000000170

15 3 3 8 374 0.000000120

15 3 3 9 332 0.000000160

15 3 3 10 406 0.000000180

15 3 4 1 436 0.000000180

15 3 4 2 428 0.000000140

15 3 4 3 456 0.000000160

15 3 4 4 462 0.000000200

15 3 4 5 447 0.000000170

15 3 4 6 458 0.000000150

15 3 4 7 461 0.000000140

15 3 4 8 452 0.000000140

15 3 4 9 441 0.000000190

15 3 4 10 453 0.000000140

15 3 5 1 1081 0.000000160

15 3 5 2 998 0.000000150

15 3 5 3 930 0.000000160

15 3 5 4 915 0.000000140

15 3 5 5 965 0.000000140

15 3 5 6 1047 0.000000140

15 3 5 7 1024 0.000000140

15 3 5 8 1124 0.000000140

15 3 5 9 930 0.000000130

15 3 5 10 880 0.000000140

15 5 1 1 170 0.000000180

15 5 1 2 170 0.000000200

15 5 1 3 181 0.000000190

15 5 1 4 187 0.000000130

15 5 1 5 190 0.000000140

15 5 1 6 196 0.000000140

15 5 1 7 181 0.000000160

15 5 1 8 182 0.000000150

15 5 1 9 126 0.000000190

15 5 1 10 181 0.000000170

15 5 2 1 197 0.000000210

15 5 2 2 222 0.000000190

15 5 2 3 196 0.000000150

15 5 2 4 231 0.000000200

15 5 2 5 183 0.000000180

15 5 2 6 208 0.000000160

15 5 2 7 205 0.000000140

15 5 2 8 234 0.000000130

15 5 2 9 191 0.000000150

15 5 2 10 198 0.000000170

15 5 3 1 226 0.000000180

15 5 3 2 229 0.000000130

15 5 3 3 247 0.000000129

15 5 3 4 228 0.000000160

15 5 3 5 255 0.000000189

15 5 3 6 219 0.000000140

15 5 3 7 247 0.000000149

15 5 3 8 234 0.000000169

15 5 3 9 221 0.000000140

15 5 3 10 228 0.000000169

15 5 4 1 276 0.000000151

15 5 4 2 270 0.000000140

15 5 4 3 275 0.000000149

15 5 4 4 273 0.000000140

15 5 4 5 267 0.000000140

15 5 4 6 279 0.000000140

15 5 4 7 277 0.000000189

15 5 4 8 266 0.000000140

15 5 4 9 284 0.000000151

15 5 4 10 278 0.000000140

15 5 5 1 610 0.000000140

15 5 5 2 661 0.000000140

15 5 5 3 565 0.000000140

15 5 5 4 568 0.000000160

15 5 5 5 642 0.000000171

15 5 5 6 610 0.000000171

15 5 5 7 515 0.000000140

15 5 5 8 579 0.000000149

15 5 5 9 679 0.000000140

15 5 5 10 646 0.000000140

15 7 1 1 129 0.000000189

15 7 1 2 141 0.000000191

15 7 1 3 111 0.000000160

15 7 1 4 138 0.000000160

15 7 1 5 119 0.000000160

15 7 1 6 118 0.000000151

15 7 1 7 127 0.000000171

15 7 1 8 148 0.000000149

15 7 1 9 139 0.000000149

15 7 1 10 129 0.000000160

15 7 2 1 176 0.000000160

15 7 2 2 174 0.000000160

15 7 2 3 171 0.000000171

15 7 2 4 150 0.000000149

15 7 2 5 154 0.000000140

15 7 2 6 145 0.000000160

15 7 2 7 192 0.000000171

15 7 2 8 151 0.000000171

15 7 2 9 202 0.000000140

15 7 2 10 156 0.000000140

15 7 3 1 178 0.000000160

15 7 3 2 221 0.000000149

15 7 3 3 177 0.000000140

15 7 3 4 214 0.000000200

15 7 3 5 211 0.000000180

15 7 3 6 182 0.000000169

15 7 3 7 194 0.000000160

15 7 3 8 213 0.000000160

15 7 3 9 204 0.000000140

15 7 3 10 197 0.000000140

15 7 4 1 250 0.000000160

15 7 4 2 255 0.000000140

15 7 4 3 260 0.000000171

15 7 4 4 249 0.000000169

15 7 4 5 258 0.000000140

15 7 4 6 255 0.000000140

15 7 4 7 263 0.000000140

15 7 4 8 262 0.000000140

15 7 4 9 253 0.000000160

15 7 4 10 259 0.000000171

15 7 5 1 438 0.000000160

15 7 5 2 520 0.000000160

15 7 5 3 494 0.000000160

15 7 5 4 422 0.000000151

15 7 5 5 533 0.000000140

15 7 5 6 521 0.000000140

15 7 5 7 439 0.000000160

15 7 5 8 518 0.000000160

15 7 5 9 482 0.000000171

15 7 5 10 430 0.000000169

