5 2 1 1 129 0.000000070

5 2 1 2 130 0.000000070

5 2 1 3 164 0.000000070

5 2 1 4 141 0.000000060

5 2 1 5 145 0.000000070

5 2 1 6 183 0.000000050

5 2 1 7 171 0.000000070

5 2 1 8 95 0.000000060

5 2 1 9 161 0.000000060

5 2 1 10 171 0.000000060

5 2 2 1 169 0.000000060

5 2 2 2 211 0.000000050

5 2 2 3 170 0.000000060

5 2 2 4 166 0.000000060

5 2 2 5 186 0.000000050

5 2 2 6 252 0.000000060

5 2 2 7 167 0.000000070

5 2 2 8 231 0.000000070

5 2 2 9 188 0.000000070

5 2 2 10 190 0.000000070

5 2 3 1 219 0.000000060

5 2 3 2 230 0.000000060

5 2 3 3 185 0.000000070

5 2 3 4 201 0.000000070

5 2 3 5 216 0.000000070

5 2 3 6 254 0.000000060

5 2 3 7 199 0.000000060

5 2 3 8 210 0.000000050

5 2 3 9 204 0.000000050

5 2 3 10 217 0.000000050

5 2 4 1 277 0.000000060

5 2 4 2 248 0.000000060

5 2 4 3 263 0.000000060

5 2 4 4 266 0.000000060

5 2 4 5 253 0.000000060

5 2 4 6 270 0.000000060

5 2 4 7 275 0.000000070

5 2 4 8 274 0.000000050

5 2 4 9 272 0.000000060

5 2 4 10 269 0.000000060

5 2 5 1 466 0.000000060

5 2 5 2 499 0.000000050

5 2 5 3 472 0.000000070

5 2 5 4 444 0.000000060

5 2 5 5 588 0.000000070

5 2 5 6 555 0.000000060

5 2 5 7 513 0.000000070

5 2 5 8 487 0.000000080

5 2 5 9 672 0.000000080

5 2 5 10 627 0.000000080

5 3 1 1 95 0.000000120

5 3 1 2 112 0.000000070

5 3 1 3 89 0.000000050

5 3 1 4 90 0.000000060

5 3 1 5 138 0.000000070

5 3 1 6 100 0.000000050

5 3 1 7 105 0.000000070

5 3 1 8 107 0.000000080

5 3 1 9 94 0.000000070

5 3 1 10 88 0.000000070

5 3 2 1 118 0.000000050

5 3 2 2 139 0.000000100

5 3 2 3 125 0.000000090

5 3 2 4 135 0.000000120

5 3 2 5 119 0.000000100

5 3 2 6 148 0.000000090

5 3 2 7 146 0.000000080

5 3 2 8 145 0.000000070

5 3 2 9 91 0.000000050

5 3 2 10 106 0.000000070

5 3 3 1 176 0.000000110

5 3 3 2 148 0.000000110

5 3 3 3 125 0.000000130

5 3 3 4 118 0.000000120

5 3 3 5 151 0.000000070

5 3 3 6 137 0.000000150

5 3 3 7 124 0.000000090

5 3 3 8 137 0.000000110

5 3 3 9 113 0.000000090

5 3 3 10 156 0.000000070

5 3 4 1 175 0.000000080

5 3 4 2 175 0.000000070

5 3 4 3 183 0.000000060

5 3 4 4 171 0.000000070

5 3 4 5 174 0.000000090

5 3 4 6 178 0.000000080

5 3 4 7 177 0.000000070

5 3 4 8 178 0.000000070

5 3 4 9 172 0.000000060

5 3 4 10 179 0.000000070

5 3 5 1 314 0.000000080

5 3 5 2 460 0.000000090

5 3 5 3 340 0.000000080

5 3 5 4 266 0.000000070

5 3 5 5 425 0.000000120

5 3 5 6 381 0.000000080

5 3 5 7 408 0.000000090

5 3 5 8 391 0.000000070

5 3 5 9 372 0.000000050

5 3 5 10 345 0.000000070

6 2 1 1 122 0.000000090

6 2 1 2 155 0.000000090

6 2 1 3 214 0.000000070

6 2 1 4 133 0.000000110

6 2 1 5 130 0.000000080

6 2 1 6 195 0.000000070

6 2 1 7 125 0.000000060

6 2 1 8 225 0.000000060

6 2 1 9 104 0.000000060

6 2 1 10 160 0.000000050

6 2 2 1 219 0.000000040

6 2 2 2 148 0.000000060

6 2 2 3 228 0.000000070

6 2 2 4 186 0.000000070

6 2 2 5 187 0.000000090

6 2 2 6 177 0.000000080

6 2 2 7 210 0.000000070

6 2 2 8 189 0.000000070

6 2 2 9 183 0.000000070

6 2 2 10 196 0.000000070

6 2 3 1 231 0.000000060

6 2 3 2 241 0.000000060

6 2 3 3 231 0.000000070

6 2 3 4 234 0.000000070

6 2 3 5 219 0.000000050

6 2 3 6 211 0.000000070

6 2 3 7 252 0.000000090

6 2 3 8 224 0.000000070

6 2 3 9 232 0.000000080

6 2 3 10 203 0.000000070

6 2 4 1 271 0.000000060

6 2 4 2 277 0.000000060

6 2 4 3 268 0.000000060

6 2 4 4 292 0.000000080

6 2 4 5 276 0.000000060

6 2 4 6 267 0.000000100

6 2 4 7 265 0.000000060

6 2 4 8 282 0.000000080

6 2 4 9 271 0.000000070

6 2 4 10 281 0.000000060

6 2 5 1 571 0.000000060

6 2 5 2 798 0.000000080

6 2 5 3 738 0.000000080

6 2 5 4 481 0.000000100

6 2 5 5 840 0.000000050

6 2 5 6 742 0.000000080

6 2 5 7 466 0.000000070

6 2 5 8 596 0.000000060

6 2 5 9 636 0.000000060

6 2 5 10 557 0.000000060

6 3 1 1 102 0.000000090

6 3 1 2 99 0.000000070

6 3 1 3 122 0.000000080

6 3 1 4 83 0.000000070

6 3 1 5 125 0.000000100

6 3 1 6 92 0.000000090

6 3 1 7 126 0.000000110

6 3 1 8 144 0.000000070

6 3 1 9 125 0.000000070

6 3 1 10 100 0.000000070

6 3 2 1 133 0.000000080

6 3 2 2 140 0.000000060

6 3 2 3 110 0.000000100

6 3 2 4 164 0.000000070

6 3 2 5 139 0.000000090

6 3 2 6 149 0.000000070

6 3 2 7 139 0.000000090

6 3 2 8 128 0.000000080

6 3 2 9 146 0.000000070

6 3 2 10 162 0.000000080

6 3 3 1 143 0.000000060

6 3 3 2 153 0.000000080

6 3 3 3 167 0.000000070

6 3 3 4 142 0.000000070

6 3 3 5 181 0.000000070

6 3 3 6 168 0.000000070

6 3 3 7 168 0.000000070

6 3 3 8 154 0.000000070

6 3 3 9 159 0.000000090

6 3 3 10 173 0.000000100

6 3 4 1 179 0.000000100

6 3 4 2 183 0.000000070

6 3 4 3 177 0.000000070

6 3 4 4 188 0.000000080

6 3 4 5 173 0.000000070

6 3 4 6 178 0.000000070

6 3 4 7 187 0.000000080

6 3 4 8 190 0.000000070

6 3 4 9 192 0.000000070

6 3 4 10 185 0.000000060

6 3 5 1 325 0.000000080

6 3 5 2 469 0.000000100

6 3 5 3 470 0.000000080

6 3 5 4 357 0.000000090

6 3 5 5 394 0.000000080

6 3 5 6 433 0.000000090

6 3 5 7 468 0.000000070

6 3 5 8 401 0.000000060

6 3 5 9 383 0.000000080

6 3 5 10 467 0.000000080

7 2 1 1 249 0.000000080

7 2 1 2 128 0.000000060

7 2 1 3 106 0.000000070

7 2 1 4 196 0.000000090

7 2 1 5 197 0.000000070

7 2 1 6 221 0.000000050

7 2 1 7 205 0.000000070

7 2 1 8 156 0.000000060

7 2 1 9 144 0.000000090

7 2 1 10 135 0.000000070

7 2 2 1 194 0.000000050

7 2 2 2 212 0.000000080

7 2 2 3 254 0.000000060

7 2 2 4 240 0.000000050

7 2 2 5 238 0.000000070

7 2 2 6 236 0.000000050

7 2 2 7 248 0.000000060

7 2 2 8 225 0.000000070

7 2 2 9 282 0.000000060

7 2 2 10 193 0.000000080

7 2 3 1 255 0.000000080

7 2 3 2 307 0.000000090

7 2 3 3 342 0.000000090

7 2 3 4 289 0.000000110

7 2 3 5 270 0.000000080

7 2 3 6 292 0.000000060

7 2 3 7 268 0.000000080

7 2 3 8 286 0.000000060

7 2 3 9 296 0.000000090

7 2 3 10 286 0.000000080

7 2 4 1 342 0.000000100

7 2 4 2 361 0.000000090

7 2 4 3 354 0.000000090

7 2 4 4 354 0.000000100

7 2 4 5 356 0.000000060

7 2 4 6 356 0.000000100

7 2 4 7 349 0.000000080

7 2 4 8 352 0.000000080

7 2 4 9 369 0.000000080

7 2 4 10 366 0.000000070

7 2 5 1 939 0.000000060

7 2 5 2 849 0.000000080

7 2 5 3 667 0.000000090

7 2 5 4 535 0.000000130

7 2 5 5 735 0.000000100

7 2 5 6 882 0.000000080

7 2 5 7 793 0.000000100

7 2 5 8 718 0.000000110

7 2 5 9 783 0.000000090

7 2 5 10 695 0.000000090

7 3 1 1 159 0.000000090

7 3 1 2 151 0.000000080

7 3 1 3 124 0.000000090

7 3 1 4 109 0.000000070

7 3 1 5 131 0.000000090

7 3 1 6 121 0.000000090

7 3 1 7 75 0.000000070

7 3 1 8 124 0.000000080

7 3 1 9 99 0.000000080

7 3 1 10 102 0.000000080

7 3 2 1 155 0.000000080

7 3 2 2 213 0.000000080

7 3 2 3 213 0.000000080

7 3 2 4 147 0.000000080

7 3 2 5 188 0.000000080

7 3 2 6 144 0.000000080

7 3 2 7 162 0.000000080

7 3 2 8 162 0.000000080

7 3 2 9 183 0.000000080

7 3 2 10 125 0.000000080

7 3 3 1 232 0.000000090

7 3 3 2 208 0.000000070

7 3 3 3 244 0.000000070

7 3 3 4 203 0.000000070

7 3 3 5 187 0.000000080

7 3 3 6 205 0.000000080

7 3 3 7 176 0.000000080

7 3 3 8 200 0.000000080

7 3 3 9 228 0.000000080

7 3 3 10 210 0.000000100

7 3 4 1 265 0.000000080

7 3 4 2 266 0.000000110

7 3 4 3 275 0.000000090

7 3 4 4 270 0.000000090

7 3 4 5 269 0.000000090

7 3 4 6 251 0.000000090

7 3 4 7 272 0.000000080

7 3 4 8 273 0.000000090

7 3 4 9 261 0.000000080

7 3 4 10 271 0.000000080

7 3 5 1 404 0.000000080

7 3 5 2 315 0.000000070

7 3 5 3 450 0.000000070

7 3 5 4 621 0.000000080

7 3 5 5 558 0.000000080

7 3 5 6 351 0.000000080

7 3 5 7 495 0.000000080

7 3 5 8 505 0.000000120

7 3 5 9 577 0.000000100

7 3 5 10 414 0.000000090

10 3 1 1 159 0.000000100

10 3 1 2 213 0.000000110

10 3 1 3 190 0.000000120

10 3 1 4 225 0.000000110

10 3 1 5 134 0.000000110

10 3 1 6 196 0.000000120

10 3 1 7 185 0.000000110

10 3 1 8 142 0.000000110

10 3 1 9 187 0.000000110

10 3 1 10 186 0.000000110

10 3 2 1 206 0.000000110

10 3 2 2 212 0.000000110

10 3 2 3 248 0.000000110

10 3 2 4 243 0.000000130

10 3 2 5 221 0.000000140

10 3 2 6 246 0.000000120

10 3 2 7 236 0.000000110

10 3 2 8 228 0.000000110

10 3 2 9 207 0.000000110

10 3 2 10 241 0.000000120

10 3 3 1 313 0.000000150

10 3 3 2 297 0.000000130

10 3 3 3 271 0.000000120

10 3 3 4 314 0.000000109

10 3 3 5 273 0.000000149

10 3 3 6 314 0.000000160

10 3 3 7 300 0.000000120

10 3 3 8 295 0.000000109

10 3 3 9 284 0.000000111

10 3 3 10 279 0.000000100

10 3 4 1 356 0.000000131

10 3 4 2 356 0.000000140

10 3 4 3 341 0.000000120

10 3 4 4 350 0.000000111

10 3 4 5 358 0.000000100

10 3 4 6 344 0.000000111

10 3 4 7 350 0.000000109

10 3 4 8 343 0.000000120

10 3 4 9 364 0.000000120

10 3 4 10 356 0.000000129

10 3 5 1 649 0.000000131

10 3 5 2 746 0.000000120

10 3 5 3 626 0.000000120

10 3 5 4 596 0.000000111

10 3 5 5 794 0.000000100

10 3 5 6 691 0.000000129

10 3 5 7 800 0.000000120

10 3 5 8 596 0.000000109

10 3 5 9 596 0.000000111

10 3 5 10 736 0.000000111

10 5 1 1 89 0.000000160

10 5 1 2 144 0.000000100

10 5 1 3 103 0.000000131

10 5 1 4 112 0.000000129

10 5 1 5 99 0.000000129

10 5 1 6 133 0.000000120

10 5 1 7 122 0.000000100

10 5 1 8 134 0.000000129

10 5 1 9 142 0.000000111

10 5 1 10 113 0.000000091

10 5 2 1 151 0.000000091

10 5 2 2 162 0.000000120

10 5 2 3 152 0.000000120

10 5 2 4 128 0.000000100

10 5 2 5 153 0.000000091

10 5 2 6 145 0.000000140

10 5 2 7 128 0.000000100

10 5 2 8 155 0.000000080

10 5 2 9 138 0.000000120

10 5 2 10 111 0.000000131

10 5 3 1 152 0.000000120

10 5 3 2 171 0.000000100

10 5 3 3 152 0.000000100

10 5 3 4 164 0.000000100

10 5 3 5 151 0.000000151

10 5 3 6 157 0.000000100

10 5 3 7 168 0.000000109

10 5 3 8 142 0.000000089

10 5 3 9 150 0.000000100

10 5 3 10 155 0.000000100

10 5 4 1 182 0.000000109

10 5 4 2 184 0.000000120

10 5 4 3 189 0.000000111

10 5 4 4 181 0.000000109

10 5 4 5 187 0.000000111

10 5 4 6 192 0.000000089

10 5 4 7 183 0.000000111

10 5 4 8 188 0.000000100

10 5 4 9 184 0.000000111

10 5 4 10 183 0.000000111

10 5 5 1 376 0.000000111

10 5 5 2 387 0.000000100

10 5 5 3 394 0.000000120

10 5 5 4 417 0.000000140

10 5 5 5 439 0.000000109

10 5 5 6 454 0.000000111

10 5 5 7 442 0.000000111

10 5 5 8 462 0.000000100

10 5 5 9 416 0.000000109

10 5 5 10 369 0.000000109

10 7 1 1 93 0.000000151

10 7 1 2 81 0.000000130

10 7 1 3 98 0.000000120

10 7 1 4 93 0.000000110

10 7 1 5 99 0.000000140

10 7 1 6 86 0.000000120

10 7 1 7 94 0.000000120

10 7 1 8 95 0.000000130

10 7 1 9 120 0.000000130

10 7 1 10 110 0.000000130

10 7 2 1 123 0.000000120

10 7 2 2 119 0.000000120

10 7 2 3 115 0.000000140

10 7 2 4 129 0.000000140

10 7 2 5 109 0.000000120

10 7 2 6 108 0.000000160

10 7 2 7 99 0.000000140

10 7 2 8 125 0.000000110

10 7 2 9 107 0.000000140

10 7 2 10 111 0.000000130

10 7 3 1 145 0.000000160

10 7 3 2 143 0.000000120

10 7 3 3 133 0.000000120

10 7 3 4 153 0.000000130

10 7 3 5 160 0.000000130

10 7 3 6 134 0.000000150

10 7 3 7 132 0.000000150

10 7 3 8 126 0.000000130

10 7 3 9 138 0.000000120

10 7 3 10 147 0.000000120

10 7 4 1 170 0.000000150

10 7 4 2 171 0.000000140

10 7 4 3 178 0.000000140

10 7 4 4 167 0.000000130

10 7 4 5 182 0.000000120

10 7 4 6 171 0.000000150

10 7 4 7 180 0.000000120

10 7 4 8 165 0.000000110

10 7 4 9 166 0.000000140

10 7 4 10 171 0.000000130

10 7 5 1 326 0.000000130

10 7 5 2 323 0.000000120

10 7 5 3 371 0.000000120

10 7 5 4 344 0.000000140

10 7 5 5 282 0.000000140

10 7 5 6 297 0.000000130

10 7 5 7 373 0.000000120

10 7 5 8 310 0.000000150

10 7 5 9 273 0.000000140

10 7 5 10 404 0.000000110

12 3 1 1 210 0.000000140

12 3 1 2 262 0.000000110

12 3 1 3 200 0.000000120

12 3 1 4 295 0.000000110

12 3 1 5 221 0.000000120

12 3 1 6 225 0.000000140

12 3 1 7 180 0.000000100

12 3 1 8 206 0.000000120

12 3 1 9 231 0.000000120

12 3 1 10 225 0.000000120

12 3 2 1 286 0.000000100

12 3 2 2 309 0.000000120

12 3 2 3 248 0.000000120

12 3 2 4 273 0.000000120

12 3 2 5 284 0.000000130

12 3 2 6 256 0.000000120

12 3 2 7 261 0.000000120

12 3 2 8 332 0.000000140

12 3 2 9 296 0.000000130

12 3 2 10 279 0.000000130

12 3 3 1 313 0.000000120

12 3 3 2 292 0.000000140

12 3 3 3 294 0.000000140

12 3 3 4 307 0.000000120

12 3 3 5 292 0.000000120

12 3 3 6 334 0.000000150

12 3 3 7 320 0.000000140

12 3 3 8 318 0.000000120

12 3 3 9 283 0.000000120

12 3 3 10 287 0.000000100

12 3 4 1 360 0.000000120

12 3 4 2 358 0.000000120

12 3 4 3 364 0.000000120

12 3 4 4 359 0.000000140

12 3 4 5 366 0.000000130

12 3 4 6 358 0.000000150

12 3 4 7 369 0.000000120

12 3 4 8 358 0.000000110

12 3 4 9 360 0.000000110

12 3 4 10 365 0.000000110

12 3 5 1 793 0.000000130

12 3 5 2 764 0.000000120

12 3 5 3 776 0.000000120

12 3 5 4 768 0.000000120

12 3 5 5 839 0.000000110

12 3 5 6 863 0.000000120

12 3 5 7 721 0.000000140

12 3 5 8 763 0.000000130

12 3 5 9 683 0.000000120

12 3 5 10 659 0.000000100

12 5 1 1 123 0.000000170

12 5 1 2 114 0.000000170

12 5 1 3 160 0.000000120

12 5 1 4 154 0.000000110

12 5 1 5 166 0.000000140

12 5 1 6 146 0.000000160

12 5 1 7 143 0.000000100

12 5 1 8 178 0.000000110

12 5 1 9 137 0.000000140

12 5 1 10 115 0.000000140

12 5 2 1 171 0.000000130

12 5 2 2 217 0.000000120

12 5 2 3 182 0.000000110

12 5 2 4 169 0.000000170

12 5 2 5 162 0.000000150

12 5 2 6 176 0.000000130

12 5 2 7 190 0.000000120

12 5 2 8 172 0.000000160

12 5 2 9 205 0.000000160

12 5 2 10 182 0.000000160

12 5 3 1 205 0.000000120

12 5 3 2 211 0.000000100

12 5 3 3 214 0.000000120

12 5 3 4 206 0.000000120

12 5 3 5 214 0.000000130

12 5 3 6 232 0.000000120

12 5 3 7 214 0.000000120

12 5 3 8 219 0.000000110

12 5 3 9 218 0.000000130

12 5 3 10 194 0.000000110

12 5 4 1 254 0.000000120

12 5 4 2 269 0.000000120

12 5 4 3 255 0.000000120

12 5 4 4 262 0.000000150

12 5 4 5 263 0.000000120

12 5 4 6 269 0.000000120

12 5 4 7 256 0.000000120

12 5 4 8 265 0.000000120

12 5 4 9 263 0.000000110

12 5 4 10 263 0.000000130

12 5 5 1 491 0.000000130

12 5 5 2 611 0.000000110

12 5 5 3 514 0.000000120

12 5 5 4 468 0.000000170

12 5 5 5 475 0.000000180

12 5 5 6 618 0.000000160

12 5 5 7 486 0.000000130

12 5 5 8 473 0.000000120

12 5 5 9 491 0.000000120

12 5 5 10 537 0.000000120

12 7 1 1 118 0.000000150

12 7 1 2 131 0.000000140

12 7 1 3 117 0.000000150

12 7 1 4 120 0.000000130

12 7 1 5 94 0.000000130

12 7 1 6 107 0.000000130

12 7 1 7 96 0.000000140

12 7 1 8 107 0.000000110

12 7 1 9 99 0.000000130

12 7 1 10 85 0.000000120

12 7 2 1 151 0.000000130

12 7 2 2 123 0.000000130

12 7 2 3 122 0.000000130

12 7 2 4 138 0.000000140

12 7 2 5 129 0.000000130

12 7 2 6 117 0.000000170

12 7 2 7 132 0.000000170

12 7 2 8 138 0.000000160

12 7 2 9 151 0.000000150

12 7 2 10 112 0.000000140

12 7 3 1 155 0.000000180

12 7 3 2 126 0.000000160

12 7 3 3 154 0.000000130

12 7 3 4 145 0.000000130

12 7 3 5 148 0.000000120

12 7 3 6 175 0.000000130

12 7 3 7 147 0.000000120

12 7 3 8 152 0.000000120

12 7 3 9 163 0.000000130

12 7 3 10 146 0.000000130

12 7 4 1 179 0.000000130

12 7 4 2 180 0.000000120

12 7 4 3 178 0.000000120

12 7 4 4 175 0.000000130

12 7 4 5 184 0.000000130

12 7 4 6 174 0.000000130

12 7 4 7 171 0.000000160

12 7 4 8 183 0.000000170

12 7 4 9 177 0.000000160

12 7 4 10 168 0.000000180

12 7 5 1 371 0.000000150

12 7 5 2 349 0.000000130

12 7 5 3 443 0.000000130

12 7 5 4 342 0.000000150

12 7 5 5 305 0.000000160

12 7 5 6 456 0.000000170

12 7 5 7 285 0.000000150

12 7 5 8 394 0.000000160

12 7 5 9 372 0.000000160

12 7 5 10 448 0.000000150

15 3 1 1 252 0.000000180

15 3 1 2 300 0.000000180

15 3 1 3 255 0.000000130

15 3 1 4 285 0.000000140

15 3 1 5 287 0.000000120

15 3 1 6 255 0.000000170

15 3 1 7 223 0.000000130

15 3 1 8 282 0.000000130

15 3 1 9 254 0.000000140

15 3 1 10 319 0.000000180

15 3 2 1 312 0.000000180

15 3 2 2 376 0.000000120

15 3 2 3 355 0.000000140

15 3 2 4 270 0.000000140

15 3 2 5 353 0.000000150

15 3 2 6 302 0.000000170

15 3 2 7 321 0.000000140

15 3 2 8 314 0.000000140

15 3 2 9 287 0.000000170

15 3 2 10 318 0.000000130

15 3 3 1 392 0.000000130

15 3 3 2 380 0.000000120

15 3 3 3 380 0.000000180

15 3 3 4 385 0.000000130

15 3 3 5 405 0.000000140

15 3 3 6 359 0.000000140

15 3 3 7 397 0.000000120

15 3 3 8 370 0.000000140

15 3 3 9 334 0.000000120

15 3 3 10 405 0.000000140

15 3 4 1 436 0.000000130

15 3 4 2 430 0.000000170

15 3 4 3 455 0.000000160

15 3 4 4 463 0.000000160

15 3 4 5 446 0.000000130

15 3 4 6 454 0.000000170

15 3 4 7 464 0.000000170

15 3 4 8 451 0.000000140

15 3 4 9 443 0.000000150

15 3 4 10 450 0.000000140

15 3 5 1 1076 0.000000160

15 3 5 2 946 0.000000160

15 3 5 3 912 0.000000170

15 3 5 4 912 0.000000130

15 3 5 5 952 0.000000170

15 3 5 6 991 0.000000140

15 3 5 7 1030 0.000000130

15 3 5 8 1064 0.000000140

15 3 5 9 908 0.000000110

15 3 5 10 853 0.000000150

15 5 1 1 180 0.000000220

15 5 1 2 148 0.000000190

15 5 1 3 175 0.000000150

15 5 1 4 177 0.000000140

15 5 1 5 186 0.000000190

15 5 1 6 170 0.000000200

15 5 1 7 167 0.000000160

15 5 1 8 167 0.000000140

15 5 1 9 127 0.000000150

15 5 1 10 175 0.000000210

15 5 2 1 192 0.000000140

15 5 2 2 211 0.000000130

15 5 2 3 195 0.000000140

15 5 2 4 220 0.000000180

15 5 2 5 178 0.000000200

15 5 2 6 201 0.000000130

15 5 2 7 195 0.000000180

15 5 2 8 219 0.000000150

15 5 2 9 178 0.000000140

15 5 2 10 197 0.000000150

15 5 3 1 220 0.000000190

15 5 3 2 228 0.000000190

15 5 3 3 241 0.000000130

15 5 3 4 225 0.000000150

15 5 3 5 252 0.000000170

15 5 3 6 211 0.000000200

15 5 3 7 238 0.000000200

15 5 3 8 230 0.000000160

15 5 3 9 221 0.000000150

15 5 3 10 222 0.000000150

15 5 4 1 274 0.000000190

15 5 4 2 269 0.000000150

15 5 4 3 275 0.000000190

15 5 4 4 272 0.000000190

15 5 4 5 268 0.000000150

15 5 4 6 279 0.000000140

15 5 4 7 275 0.000000150

15 5 4 8 268 0.000000200

15 5 4 9 282 0.000000200

15 5 4 10 272 0.000000150

15 5 5 1 593 0.000000200

15 5 5 2 594 0.000000160

15 5 5 3 549 0.000000190

15 5 5 4 523 0.000000190

15 5 5 5 550 0.000000160

15 5 5 6 590 0.000000130

15 5 5 7 504 0.000000150

15 5 5 8 506 0.000000150

15 5 5 9 656 0.000000160

15 5 5 10 609 0.000000160

15 7 1 1 115 0.000000180

15 7 1 2 136 0.000000170

15 7 1 3 99 0.000000170

15 7 1 4 129 0.000000160

15 7 1 5 92 0.000000160

15 7 1 6 110 0.000000150

15 7 1 7 102 0.000000190

15 7 1 8 131 0.000000210

15 7 1 9 130 0.000000170

15 7 1 10 116 0.000000150

15 7 2 1 167 0.000000160

15 7 2 2 174 0.000000160

15 7 2 3 169 0.000000160

15 7 2 4 144 0.000000160

15 7 2 5 147 0.000000150

15 7 2 6 145 0.000000160

15 7 2 7 164 0.000000160

15 7 2 8 144 0.000000230

15 7 2 9 166 0.000000220

15 7 2 10 158 0.000000210

15 7 3 1 186 0.000000170

15 7 3 2 214 0.000000150

15 7 3 3 180 0.000000160

15 7 3 4 199 0.000000160

15 7 3 5 200 0.000000150

15 7 3 6 186 0.000000150

15 7 3 7 200 0.000000190

15 7 3 8 195 0.000000200

15 7 3 9 201 0.000000170

15 7 3 10 197 0.000000200

15 7 4 1 252 0.000000160

15 7 4 2 256 0.000000180

15 7 4 3 262 0.000000220

15 7 4 4 253 0.000000180

15 7 4 5 258 0.000000220

15 7 4 6 262 0.000000180

15 7 4 7 263 0.000000180

15 7 4 8 264 0.000000200

15 7 4 9 255 0.000000210

15 7 4 10 256 0.000000230

15 7 5 1 414 0.000000210

15 7 5 2 561 0.000000230

15 7 5 3 501 0.000000230

15 7 5 4 372 0.000000190

15 7 5 5 477 0.000000210

15 7 5 6 499 0.000000180

15 7 5 7 420 0.000000190

15 7 5 8 473 0.000000170

15 7 5 9 434 0.000000210

15 7 5 10 422 0.000000170

