650

10 2 1 1
81 38 60 64 53 37 70 26 28 44

10 2 1 2
38 61 27 99 4 93 92 54 48 35

10 2 1 3
33 49 74 83 81 61 11 91 11 81

10 2 1 4
34 18 73 85 60 41 43 49 97 12

10 2 1 5
46 62 23 1 71 50 81 7 83 66

10 2 1 6
41 15 71 59 37 7 20 99 45 66

10 2 1 7
67 47 32 93 19 62 72 63 48 73

10 2 1 8
29 100 22 77 5 40 21 78 10 3

10 2 1 9
98 50 79 64 22 12 5 85 67 30

10 2 1 10
75 86 39 49 26 85 25 5 83 64

10 2 2 1
60 52 39 44 37 34 95 96 57 32

10 2 2 2
89 91 96 90 75 72 42 87 56 60

10 2 2 3
84 95 38 87 45 73 43 40 71 97

10 2 2 4
71 62 89 53 45 39 30 81 49 95

10 2 2 5
94 64 50 97 39 77 39 88 49 58

10 2 2 6
58 74 71 47 76 97 95 33 39 85

10 2 2 7
68 32 30 48 82 84 92 36 44 56

10 2 2 8
97 57 95 35 41 89 39 63 43 40

10 2 2 9
56 45 42 55 64 35 75 68 74 58

10 2 2 10
36 35 49 77 48 69 40 72 42 43

10 2 3 1
73 60 61 54 94 70 100 55 72 51

10 2 3 2
95 97 81 73 66 68 77 91 80 50

10 2 3 3
68 73 92 59 64 89 86 90 100 98

10 2 3 4
82 100 94 73 94 52 96 50 99 57

10 2 3 5
62 73 54 50 86 69 90 67 83 67

10 2 3 6
81 94 77 89 50 53 75 68 95 55

10 2 3 7
85 81 70 73 73 96 51 62 63 53

10 2 3 8
78 91 67 100 73 95 90 51 94 96

10 2 3 9
97 71 61 82 88 80 88 82 99 61

10 2 3 10
68 61 58 53 53 71 62 56 70 53

10 2 4 1
99 89 85 88 91 100 99 89 91 98

10 2 4 2
93 91 99 89 93 98 92 100 80 90

10 2 4 3
92 80 98 92 99 89 90 99 87 99

10 2 4 4
96 93 88 96 81 87 84 98 97 97

10 2 4 5
87 99 97 95 83 85 87 82 98 83

10 2 4 6
94 81 92 97 93 84 99 82 98 94

10 2 4 7
99 95 84 84 80 80 91 91 88 81

10 2 4 8
98 80 94 91 96 97 95 99 80 93

10 2 4 9
87 91 87 89 92 90 98 94 81 99

10 2 4 10
82 88 96 94 98 93 95 98 91 85

10 2 5 1
200 214 104 145 193 253 135 173 185 164

10 2 5 2
258 262 156 267 283 283 264 146 242 80

10 2 5 3
93 260 80 234 243 146 122 196 167 155

10 2 5 4
110 286 206 117 291 148 294 145 151 143

10 2 5 5
192 145 213 208 140 199 217 211 272 203

10 2 5 6
87 228 170 289 85 169 83 291 156 201

10 2 5 7
197 285 180 119 122 139 89 129 166 242

10 2 5 8
126 176 207 208 179 83 121 235 232 287

10 2 5 9
133 191 98 236 145 232 91 216 124 213

10 2 5 10
111 190 132 230 181 87 98 133 205 258

10 2 6 1
38 39 43 89 9 30 19 59 87 40

10 2 6 2
56 45 95 9 16 29 90 75 13 34

10 2 6 3
69 78 53 11 76 36 69 77 12 55

10 2 6 4
81 13 40 2 87 6 92 76 42 81

10 2 6 5
98 48 27 12 14 93 18 39 94 56

10 2 6 6
30 29 72 69 20 38 12 88 61 64

10 2 6 7
86 48 19 98 20 39 81 10 74 3

10 2 6 8
46 25 69 10 23 37 6 24 79 45

10 2 6 9
47 100 67 14 46 100 57 90 99 20

10 2 6 10
28 28 86 3 24 29 7 12 85 38

10 2 7 1
47 57 89 32 58 93 99 64 85 76

10 2 7 2
33 64 94 65 65 73 38 69 73 80

10 2 7 3
82 68 33 72 86 89 99 85 34 81

10 2 7 4
43 65 98 87 64 81 83 98 51 68

10 2 7 5
77 39 36 61 67 68 70 39 74 49

10 2 7 6
67 41 83 68 48 59 30 65 71 74

10 2 7 7
80 92 76 38 39 99 38 51 39 30

10 2 7 8
39 57 30 51 51 35 41 93 49 51

10 2 7 9
65 35 55 79 69 41 32 60 78 37

10 2 7 10
45 82 31 42 69 64 56 82 69 30

10 2 8 1
85 92 82 85 54 67 85 80 89 61

10 2 8 2
66 74 87 78 68 82 63 67 82 64

10 2 8 3
64 94 96 79 62 60 55 53 54 55

10 2 8 4
72 92 72 88 64 78 79 62 59 85

10 2 8 5
77 67 73 97 91 51 51 74 53 88

10 2 8 6
57 71 88 60 50 97 55 75 98 58

10 2 8 7
95 63 62 54 90 53 51 79 71 83

10 2 8 8
71 69 53 54 94 65 71 50 60 55

10 2 8 9
75 56 89 63 86 90 58 74 67 57

10 2 8 10
71 53 83 78 95 68 77 82 79 100

10 2 9 1
88 97 94 83 88 86 83 87 100 80

10 2 9 2
82 98 95 92 93 87 84 88 92 80

10 2 9 3
85 83 100 93 80 84 93 97 91 86

10 2 9 4
88 85 84 80 90 99 94 95 86 92

10 2 9 5
100 92 93 87 85 82 95 95 99 91

10 2 9 6
91 83 89 100 93 86 85 80 95 97

10 2 9 7
94 94 84 97 80 91 91 93 98 90

10 2 9 8
84 80 85 95 83 94 87 95 96 86

10 2 9 9
91 83 85 97 91 100 97 86 92 96

10 2 9 10
80 90 98 81 83 100 89 99 88 97

10 2 10 1
218 144 261 90 257 119 175 169 147 161

10 2 10 2
209 151 261 111 124 121 93 244 138 124

10 2 10 3
145 121 115 223 263 256 270 197 255 204

10 2 10 4
223 112 215 192 177 266 112 264 273 281

10 2 10 5
127 112 145 91 90 113 119 273 220 135

10 2 10 6
291 80 282 279 108 181 257 262 287 114

10 2 10 7
294 285 274 112 243 246 108 278 213 226

10 2 10 8
206 140 125 293 294 130 105 249 205 148

10 2 10 9
294 127 129 220 105 230 230 291 125 227

10 2 10 10
224 244 294 248 252 267 167 137 169 87

10 2 11 1
29 18 51 88 7 22 9 82 89 96

10 2 11 2
54 81 80 48 81 11 64 43 67 66

10 2 11 3
35 34 3 76 87 13 12 62 66 97

10 2 11 4
23 3 19 45 46 38 35 14 89 69

10 2 11 5
20 22 16 90 4 40 10 55 31 29

10 2 11 6
51 93 75 12 61 20 33 83 63 11

10 2 11 7
97 49 77 85 97 50 86 75 36 7

10 2 11 8
45 90 30 34 4 90 15 52 77 55

10 2 11 9
38 96 93 75 82 72 57 70 32 62

10 2 11 10
87 38 42 95 48 92 18 60 52 3

10 2 12 1
69 58 81 40 67 95 83 86 45 82

10 2 12 2
72 56 50 81 61 61 80 63 99 88

10 2 12 3
82 83 82 30 89 77 31 72 38 61

10 2 12 4
36 93 34 74 83 93 51 76 78 54

10 2 12 5
62 96 35 55 48 33 61 36 92 55

10 2 12 6
71 45 95 44 47 49 64 59 44 58

10 2 12 7
85 79 39 32 45 53 89 99 70 41

10 2 12 8
72 36 87 57 67 83 40 64 83 85

10 2 12 9
69 37 92 88 87 46 70 79 68 89

10 2 12 10
39 69 64 92 31 59 95 40 49 37

10 2 13 1
64 97 60 92 75 100 63 57 57 70

10 2 13 2
86 69 54 78 99 79 53 60 74 59

10 2 13 3
64 58 65 79 69 95 76 85 77 66

10 2 13 4
73 63 73 69 73 66 92 52 76 100

10 2 13 5
86 95 61 58 95 52 76 59 87 98

10 2 13 6
74 76 81 59 53 64 88 80 53 65

10 2 13 7
80 72 77 77 85 72 68 72 75 54

10 2 13 8
64 74 98 94 92 88 79 88 73 70

10 2 13 9
55 86 55 53 66 91 79 50 90 75

10 2 13 10
53 72 96 65 80 83 81 90 87 57

10 2 14 1
80 87 81 86 89 98 81 99 98 81

10 2 14 2
90 84 92 88 86 84 83 95 96 80

10 2 14 3
95 83 90 92 92 89 88 91 95 90

10 2 14 4
96 100 100 100 90 88 95 93 93 89

10 2 14 5
90 96 90 87 90 90 100 87 89 96

10 2 14 6
87 92 95 95 80 83 93 90 100 83

10 2 14 7
91 89 85 99 90 82 82 89 93 84

10 2 14 8
89 86 84 100 93 95 99 85 86 89

10 2 14 9
87 81 82 83 100 90 93 94 100 91

10 2 14 10
81 88 98 87 80 89 89 92 95 98

10 2 15 1
269 278 290 262 242 240 177 214 89 225

10 2 15 2
202 257 297 102 135 265 242 286 153 107

10 2 15 3
299 217 143 239 294 189 155 198 288 259

10 2 15 4
208 100 210 92 112 246 141 239 193 220

10 2 15 5
100 230 170 263 136 277 225 170 97 208

10 2 15 6
151 89 240 211 85 86 294 208 279 259

10 2 15 7
146 184 205 224 268 285 161 118 125 167

10 2 15 8
146 231 264 277 191 199 258 265 104 90

10 2 15 9
251 142 89 86 159 115 161 162 81 172

10 2 15 10
240 136 191 259 224 270 236 244 174 198

10 2 16 1
38 74 14 63 88 33 51 42 86 77

10 2 16 2
46 48 18 28 20 87 99 63 2 22

10 2 16 3
26 32 93 18 41 68 87 29 89 92

10 2 16 4
94 65 58 49 77 88 26 100 61 40

10 2 16 5
45 60 7 41 94 65 7 38 18 70

10 2 16 6
56 100 27 28 30 75 34 13 64 81

10 2 16 7
47 53 62 59 36 95 74 67 56 1

10 2 16 8
10 36 92 94 24 15 33 79 48 19

10 2 16 9
47 65 72 41 21 13 57 89 59 91

10 2 16 10
90 11 34 80 6 16 48 78 7 58

10 2 17 1
87 40 30 98 54 62 59 71 32 80

10 2 17 2
52 90 69 46 61 60 52 77 47 43

10 2 17 3
53 72 80 52 88 48 51 58 40 97

10 2 17 4
64 35 99 73 48 78 49 66 91 97

10 2 17 5
79 64 92 70 87 49 86 95 40 90

10 2 17 6
76 90 53 61 74 56 87 65 33 65

10 2 17 7
35 74 90 37 87 62 59 46 63 82

10 2 17 8
98 76 79 71 56 58 47 40 32 73

10 2 17 9
49 30 48 66 88 71 34 100 36 46

10 2 17 10
49 89 91 64 60 50 44 50 66 94

10 2 18 1
51 81 60 79 63 85 86 73 63 56

10 2 18 2
56 100 98 54 61 57 95 91 98 79

10 2 18 3
82 62 87 73 69 98 52 87 68 67

10 2 18 4
50 54 84 95 91 60 51 81 96 82

10 2 18 5
94 84 52 74 74 56 65 98 90 66

10 2 18 6
67 80 68 93 53 90 98 60 59 76

10 2 18 7
80 59 75 92 97 83 99 55 67 69

10 2 18 8
51 66 52 53 53 64 87 51 72 72

10 2 18 9
54 51 59 80 97 100 87 60 95 65

10 2 18 10
87 86 70 68 100 85 53 100 51 70

10 2 19 1
94 80 88 90 84 87 81 96 84 82

10 2 19 2
82 85 81 92 96 85 95 86 83 84

10 2 19 3
80 97 86 95 91 94 81 83 86 82

10 2 19 4
95 100 83 87 92 97 92 80 99 88

10 2 19 5
86 80 100 82 84 89 98 95 97 84

10 2 19 6
95 98 94 92 86 100 81 86 94 85

10 2 19 7
80 97 84 90 86 80 84 89 93 89

10 2 19 8
80 88 93 84 90 86 91 86 82 81

10 2 19 9
82 84 92 96 83 87 82 98 86 95

10 2 19 10
99 89 96 84 99 88 94 91 89 94

10 2 20 1
273 278 265 156 84 288 265 105 282 188

10 2 20 2
154 155 292 210 149 202 259 240 128 149

10 2 20 3
179 297 85 137 199 254 233 139 288 254

10 2 20 4
267 259 141 120 87 122 300 96 111 258

10 2 20 5
288 172 272 108 154 271 100 100 290 154

10 2 20 6
207 131 84 192 110 150 115 179 131 126

10 2 20 7
275 230 210 279 175 207 273 152 114 216

10 2 20 8
186 272 154 268 262 288 268 283 207 205

10 2 20 9
198 103 178 192 160 153 102 283 281 166

10 2 20 10
216 193 279 86 273 223 288 159 215 230

10 2 21 1
21 7 89 79 51 48 100 57 37 16

10 2 21 2
90 12 86 8 14 9 92 50 91 25

10 2 21 3
82 69 25 20 51 48 94 76 79 100

10 2 21 4
87 50 71 59 51 88 90 10 7 78

10 2 21 5
46 99 92 53 89 96 4 4 14 9

10 2 21 6
91 74 49 65 71 50 88 52 79 45

10 2 21 7
23 64 99 17 33 21 96 66 35 90

10 2 21 8
15 85 52 13 38 10 91 75 39 27

10 2 21 9
83 3 25 51 98 81 31 48 29 38

10 2 21 10
37 84 2 57 60 82 7 70 23 64

10 2 22 1
68 72 83 41 94 47 70 73 85 53

10 2 22 2
81 45 30 54 47 48 36 54 87 60

10 2 22 3
32 73 77 92 98 76 62 94 99 84

10 2 22 4
63 31 85 67 87 48 90 89 75 41

10 2 22 5
63 57 55 86 75 96 77 35 71 30

10 2 22 6
54 54 98 81 90 76 38 31 60 40

10 2 22 7
69 94 66 70 62 97 91 54 74 54

10 2 22 8
52 98 50 82 68 38 70 40 66 46

10 2 22 9
77 42 81 41 50 39 74 98 90 99

10 2 22 10
46 54 68 92 54 90 54 60 76 37

10 2 23 1
80 82 84 77 68 81 98 60 99 60

10 2 23 2
81 67 97 69 59 90 68 64 76 69

10 2 23 3
94 93 52 87 77 59 56 80 74 78

10 2 23 4
60 74 69 64 63 77 91 65 63 50

10 2 23 5
54 60 67 58 73 53 67 52 68 83

10 2 23 6
51 82 73 53 79 92 92 66 91 90

10 2 23 7
91 67 62 93 99 58 98 62 100 50

10 2 23 8
60 99 97 89 87 58 73 64 69 88

10 2 23 9
74 51 88 86 73 71 59 76 51 58

10 2 23 10
94 75 56 87 94 63 85 55 93 52

10 2 24 1
88 100 97 86 86 85 99 95 86 86

10 2 24 2
95 80 85 84 93 87 82 93 81 96

10 2 24 3
91 84 87 80 94 99 95 80 98 85

10 2 24 4
83 93 95 86 89 84 98 96 80 86

10 2 24 5
89 95 90 92 100 93 93 82 97 83

10 2 24 6
98 94 89 83 88 97 90 97 93 95

10 2 24 7
91 83 89 89 81 85 99 98 96 97

10 2 24 8
82 94 81 86 85 83 92 92 89 99

10 2 24 9
94 83 93 95 80 81 82 88 85 82

10 2 24 10
97 96 89 84 100 92 100 80 97 93

10 2 25 1
113 89 253 285 108 271 219 194 103 97

10 2 25 2
220 136 139 196 90 85 270 242 228 192

10 2 25 3
254 203 248 196 245 238 180 213 288 169

10 2 25 4
234 267 183 143 234 141 158 230 118 213

10 2 25 5
236 114 266 191 97 222 290 139 183 249

10 2 25 6
249 206 189 296 265 251 198 241 83 226

10 2 25 7
124 260 230 148 206 276 223 287 188 258

10 2 25 8
108 186 125 296 90 241 284 274 141 279

10 2 25 9
262 279 156 88 126 114 93 268 276 248

10 2 25 10
285 94 159 288 298 291 155 134 81 135

10 2 26 1
91 100 90 11 3 31 58 70 70 12

10 2 26 2
100 97 63 49 89 45 93 20 36 49

10 2 26 3
85 82 100 84 5 65 49 39 1 54

10 2 26 4
44 60 79 56 39 92 79 67 44 87

10 2 26 5
42 61 27 73 12 29 82 15 42 2

10 2 26 6
32 6 6 73 39 40 24 23 36 26

10 2 26 7
67 5 50 34 2 61 1 38 81 9

10 2 26 8
10 10 80 42 16 92 96 30 56 97

10 2 26 9
80 12 69 42 35 37 95 8 19 31

10 2 26 10
42 74 11 89 2 76 95 15 23 10

10 2 27 1
41 85 34 81 41 87 43 88 98 70

10 2 27 2
84 45 34 76 93 99 77 48 98 80

10 2 27 3
40 78 75 44 61 96 43 31 66 93

10 2 27 4
34 59 45 96 97 83 78 58 91 52

10 2 27 5
84 96 99 37 56 30 53 48 89 44

10 2 27 6
76 81 68 37 82 52 50 50 97 37

10 2 27 7
93 40 65 58 98 70 41 65 48 56

10 2 27 8
91 92 35 60 78 38 93 79 64 99

10 2 27 9
71 48 65 62 37 59 48 98 47 58

10 2 27 10
64 66 36 42 95 63 80 64 84 47

10 2 28 1
65 89 88 89 95 73 99 94 77 66

10 2 28 2
85 63 73 55 90 78 85 73 93 99

10 2 28 3
72 66 61 61 64 66 86 82 59 71

10 2 28 4
98 86 52 67 72 81 70 55 55 90

10 2 28 5
58 64 70 79 85 73 93 63 62 55

10 2 28 6
86 96 67 65 99 73 85 60 54 58

10 2 28 7
98 83 89 50 50 94 73 84 72 64

10 2 28 8
67 51 50 53 89 90 56 85 74 59

10 2 28 9
56 51 97 84 91 69 96 99 67 68

10 2 28 10
86 67 54 90 91 100 51 88 67 56

10 2 29 1
86 80 95 99 88 93 93 83 94 86

10 2 29 2
96 96 92 89 99 92 80 90 88 95

10 2 29 3
100 80 98 82 81 93 97 96 90 94

10 2 29 4
100 82 80 91 97 91 90 83 97 92

10 2 29 5
93 85 89 92 97 80 88 88 99 97

10 2 29 6
84 85 87 100 93 84 95 99 89 99

10 2 29 7
99 81 99 96 96 89 89 100 82 80

10 2 29 8
80 84 96 93 88 93 80 83 95 94

10 2 29 9
98 90 81 95 87 88 88 91 83 100

10 2 29 10
84 80 96 87 97 84 97 96 80 97

10 2 30 1
285 220 145 110 81 194 269 126 161 120

10 2 30 2
228 122 109 215 201 253 267 157 268 300

10 2 30 3
113 160 166 136 215 80 220 180 197 83

10 2 30 4
213 101 171 171 89 233 102 201 264 142

10 2 30 5
205 199 87 274 242 278 247 198 119 267

10 2 30 6
126 222 230 200 189 102 87 137 205 146

10 2 30 7
83 98 111 194 265 205 146 275 96 171

10 2 30 8
214 85 147 105 172 241 96 235 299 134

10 2 30 9
236 192 128 149 121 237 168 132 224 250

10 2 30 10
81 274 262 176 292 236 153 130 128 273

10 2 31 1
72 6 65 19 44 70 10 29 53 86

10 2 31 2
19 83 88 26 24 76 3 79 75 61

10 2 31 3
80 18 100 88 64 21 61 11 100 76

10 2 31 4
42 85 61 60 63 9 79 35 90 45

10 2 31 5
7 73 48 52 60 76 9 19 88 56

10 2 31 6
16 29 24 63 79 93 24 4 34 92

10 2 31 7
8 16 85 5 90 91 68 26 79 37

10 2 31 8
25 93 40 41 98 64 39 11 98 7

10 2 31 9
15 30 54 91 71 86 2 30 51 3

10 2 31 10
62 99 87 52 54 33 79 56 23 38

10 2 32 1
34 60 61 37 76 66 36 61 62 91

10 2 32 2
47 38 44 78 49 80 72 99 70 59

10 2 32 3
88 63 38 60 31 38 95 51 87 66

10 2 32 4
33 77 74 79 60 91 46 72 47 89

10 2 32 5
53 30 79 79 100 43 36 55 84 97

10 2 32 6
57 36 66 66 95 59 49 43 86 36

10 2 32 7
66 61 66 84 57 89 47 63 57 41

10 2 32 8
46 76 72 44 96 66 98 37 62 99

10 2 32 9
32 100 95 80 66 37 51 91 42 98

10 2 32 10
84 71 63 76 44 74 74 32 33 30

10 2 33 1
95 58 58 91 82 93 64 67 66 71

10 2 33 2
89 54 53 58 58 95 87 70 96 96

10 2 33 3
93 95 96 81 73 88 61 71 53 93

10 2 33 4
97 87 91 59 94 82 52 91 75 59

10 2 33 5
55 69 77 83 65 100 65 84 54 73

10 2 33 6
51 57 69 69 74 53 50 78 92 57

10 2 33 7
95 92 93 51 83 73 81 51 55 81

10 2 33 8
71 85 73 98 93 61 56 83 88 82

10 2 33 9
52 77 100 50 65 68 58 51 76 51

10 2 33 10
77 82 54 96 74 77 62 91 62 61

10 2 34 1
95 92 84 82 86 93 93 81 97 98

10 2 34 2
92 91 86 88 83 89 92 84 95 83

10 2 34 3
91 87 85 81 92 96 95 96 89 97

10 2 34 4
82 91 89 98 89 92 85 84 93 98

10 2 34 5
87 82 85 91 94 89 95 94 84 92

10 2 34 6
84 80 85 90 90 88 82 99 83 89

10 2 34 7
87 97 95 99 90 100 88 95 99 84

10 2 34 8
92 98 87 99 83 94 95 89 96 85

10 2 34 9
99 80 90 96 80 95 89 85 80 82

10 2 34 10
96 88 85 97 91 88 82 87 87 97

10 2 35 1
100 146 136 131 132 251 125 176 98 293

10 2 35 2
251 176 244 169 163 100 189 292 282 220

10 2 35 3
298 220 196 135 112 184 157 164 254 294

10 2 35 4
288 93 166 150 123 137 216 226 195 107

10 2 35 5
86 133 126 112 100 182 111 227 271 226

10 2 35 6
272 188 118 97 105 172 286 149 202 159

10 2 35 7
197 120 195 140 216 120 291 291 271 237

10 2 35 8
265 110 266 154 284 185 276 178 294 218

10 2 35 9
128 256 248 136 84 264 217 86 286 246

10 2 35 10
176 203 250 185 262 236 220 125 218 238

10 2 36 1
99 49 81 93 100 31 23 72 45 97

10 2 36 2
85 83 18 90 82 39 60 26 91 94

10 2 36 3
93 93 83 78 69 65 51 75 81 76

10 2 36 4
24 98 49 67 53 30 91 11 25 74

10 2 36 5
60 8 34 45 17 67 12 62 58 17

10 2 36 6
70 91 1 82 76 12 87 74 40 65

10 2 36 7
85 53 83 24 14 66 58 67 42 75

10 2 36 8
94 21 65 22 34 58 59 54 28 56

10 2 36 9
51 80 40 80 85 62 89 64 97 27

10 2 36 10
64 76 25 44 5 52 60 4 20 27

10 2 37 1
89 68 82 31 42 60 50 32 65 59

10 2 37 2
97 43 59 56 45 72 38 32 97 44

10 2 37 3
55 64 100 79 82 95 78 58 41 37

10 2 37 4
61 53 98 33 84 47 64 73 35 34

10 2 37 5
76 66 70 43 93 31 81 62 62 54

10 2 37 6
65 75 44 67 88 63 64 85 37 65

10 2 37 7
51 33 87 42 49 34 55 50 35 99

10 2 37 8
95 78 41 59 79 42 73 58 69 60

10 2 37 9
71 89 65 43 95 89 52 65 33 38

10 2 37 10
38 81 60 54 61 40 46 32 71 31

10 2 38 1
71 51 60 66 62 73 62 67 69 79

10 2 38 2
96 58 50 82 60 50 80 51 52 62

10 2 38 3
75 96 75 67 58 68 85 95 52 57

10 2 38 4
80 91 54 59 63 61 72 71 99 76

10 2 38 5
94 68 63 81 60 71 75 58 78 99

10 2 38 6
77 61 93 88 76 52 87 86 72 63

10 2 38 7
61 97 66 90 73 77 100 71 50 77

10 2 38 8
66 85 98 53 88 81 89 58 88 98

10 2 38 9
100 60 90 99 70 75 92 80 71 80

10 2 38 10
53 52 52 70 91 53 51 89 64 60

10 2 39 1
85 89 83 91 92 88 92 99 97 85

10 2 39 2
80 92 84 90 98 90 93 96 99 85

10 2 39 3
86 80 85 87 85 94 87 83 96 95

10 2 39 4
82 84 94 87 91 96 85 98 80 89

10 2 39 5
85 80 85 91 84 82 81 90 83 93

10 2 39 6
92 92 94 100 87 94 81 92 97 100

10 2 39 7
89 99 93 97 89 82 81 86 99 85

10 2 39 8
92 88 90 94 84 99 100 98 87 92

10 2 39 9
93 94 95 88 96 92 100 81 97 92

10 2 39 10
99 90 85 87 82 81 82 99 99 98

10 2 40 1
178 103 267 274 184 241 118 282 160 266

10 2 40 2
292 178 227 150 92 255 252 256 221 134

10 2 40 3
198 101 195 260 207 225 123 200 198 129

10 2 40 4
169 143 85 242 184 148 100 264 153 273

10 2 40 5
128 203 122 156 142 269 116 132 130 141

10 2 40 6
231 207 222 269 210 291 254 266 199 182

10 2 40 7
295 167 166 177 214 118 220 197 120 103

10 2 40 8
258 158 193 122 296 262 248 214 244 154

10 2 40 9
264 227 256 114 296 227 114 288 138 181

10 2 40 10
134 264 174 140 105 111 236 178 278 128

10 2 41 1
55 93 12 48 10 32 43 14 74 77

10 2 41 2
14 89 28 28 67 74 86 93 96 57

10 2 41 3
85 55 54 54 15 32 4 91 83 100

10 2 41 4
18 100 34 56 27 70 58 67 6 66

10 2 41 5
35 97 7 95 5 42 55 16 88 88

10 2 41 6
94 57 10 57 11 81 30 56 77 83

10 2 41 7
36 47 61 49 62 17 23 89 83 29

10 2 41 8
3 32 25 83 19 47 84 64 87 99

10 2 41 9
52 30 25 48 47 60 47 92 93 61

10 2 41 10
81 61 92 81 90 67 98 82 72 7

10 2 42 1
59 66 57 88 58 83 91 58 54 55

10 2 42 2
94 56 42 82 31 75 91 46 99 73

10 2 42 3
79 91 47 85 44 94 31 78 62 54

10 2 42 4
55 87 91 98 67 54 63 56 57 77

10 2 42 5
32 40 92 43 84 79 78 83 84 80

10 2 42 6
67 32 49 96 98 94 78 54 82 42

10 2 42 7
41 63 54 70 49 75 32 73 46 90

10 2 42 8
87 51 95 92 74 92 67 94 49 89

10 2 42 9
37 84 61 77 40 63 44 51 50 48

10 2 42 10
41 31 32 51 55 52 48 48 59 32

10 2 43 1
89 71 69 87 87 55 88 66 64 61

10 2 43 2
68 52 69 87 83 76 80 84 62 91

10 2 43 3
72 70 69 79 83 55 91 57 61 99

10 2 43 4
86 81 87 60 78 82 80 96 50 53

10 2 43 5
75 62 90 92 92 95 69 74 74 58

10 2 43 6
90 59 97 76 91 96 79 65 97 80

10 2 43 7
91 70 63 99 74 85 97 71 91 96

10 2 43 8
57 75 82 51 100 85 51 57 68 60

10 2 43 9
65 65 65 82 94 76 71 91 73 72

10 2 43 10
77 99 51 69 70 58 70 100 51 84

10 2 44 1
86 89 87 99 95 99 92 80 93 92

10 2 44 2
93 94 97 100 84 80 93 84 96 96

10 2 44 3
95 97 96 99 86 85 84 88 94 98

10 2 44 4
83 94 91 81 95 85 96 94 92 98

10 2 44 5
84 92 86 80 86 84 83 88 92 99

10 2 44 6
83 87 91 81 91 96 92 88 96 92

10 2 44 7
94 86 98 80 80 93 97 81 86 84

10 2 44 8
83 88 80 94 80 90 81 94 94 84

10 2 44 9
87 87 82 100 93 88 97 99 81 83

10 2 44 10
80 99 87 86 97 91 94 93 94 84

10 2 45 1
253 120 250 131 272 290 199 103 179 110

10 2 45 2
141 137 147 272 81 152 86 159 294 266

10 2 45 3
237 146 98 243 250 225 180 280 233 114

10 2 45 4
246 216 131 134 162 193 159 119 82 122

10 2 45 5
132 263 93 272 276 227 170 187 237 176

10 2 45 6
159 120 101 217 267 193 147 133 210 98

10 2 45 7
170 246 104 87 167 136 261 297 140 299

10 2 45 8
206 175 244 172 296 115 121 252 88 249

10 2 45 9
228 118 83 150 186 178 127 134 244 298

10 2 45 10
131 134 172 185 276 80 107 115 181 241

10 2 46 1
100 39 97 23 82 40 71 94 55 11

10 2 46 2
85 13 67 8 30 63 93 46 88 18

10 2 46 3
85 1 72 45 73 37 62 9 69 15

10 2 46 4
57 7 79 19 5 2 52 20 99 100

10 2 46 5
86 60 54 17 29 15 89 36 33 15

10 2 46 6
3 61 46 37 55 39 58 98 22 44

10 2 46 7
81 16 41 61 55 74 88 27 48 73

10 2 46 8
66 41 3 61 51 91 95 88 75 18

10 2 46 9
5 15 52 43 63 49 48 90 42 27

10 2 46 10
29 11 5 93 63 77 10 32 59 82

10 2 47 1
49 43 78 92 65 74 84 56 44 97

10 2 47 2
94 81 78 34 71 46 90 65 53 31

10 2 47 3
58 63 48 30 93 73 49 96 47 49

10 2 47 4
96 58 40 76 98 70 95 69 87 58

10 2 47 5
86 67 91 65 35 67 81 59 92 52

10 2 47 6
30 70 62 50 59 96 60 34 78 83

10 2 47 7
82 100 55 90 91 70 72 38 39 43

10 2 47 8
33 64 65 44 57 42 100 55 88 100

10 2 47 9
30 42 33 86 57 90 58 64 66 57

10 2 47 10
54 74 91 98 92 65 51 54 62 47

10 2 48 1
69 85 76 89 92 61 62 65 93 94

10 2 48 2
87 52 74 98 55 57 82 62 80 57

10 2 48 3
95 89 67 64 96 70 66 51 91 99

10 2 48 4
61 84 91 92 87 92 55 65 57 98

10 2 48 5
70 50 93 81 93 72 73 51 78 72

10 2 48 6
73 78 85 97 83 58 76 64 53 95

10 2 48 7
80 59 85 96 69 91 83 62 81 90

10 2 48 8
57 79 58 55 93 58 61 82 71 52

10 2 48 9
54 58 91 92 75 66 89 90 72 65

10 2 48 10
72 86 57 97 58 59 69 96 59 53

10 2 49 1
87 95 87 85 82 93 83 81 98 99

10 2 49 2
81 87 90 87 89 96 94 80 83 84

10 2 49 3
95 100 97 96 83 81 85 91 92 88

10 2 49 4
86 91 84 80 92 98 89 89 92 100

10 2 49 5
92 92 98 82 82 98 92 98 92 84

10 2 49 6
96 86 94 90 98 96 83 87 82 82

10 2 49 7
99 91 92 97 82 90 88 93 89 92

10 2 49 8
88 87 97 98 90 97 80 85 87 98

10 2 49 9
83 100 80 97 97 93 90 83 93 100

10 2 49 10
97 86 92 84 94 92 83 80 100 84

10 2 50 1
276 258 143 128 218 211 265 170 217 256

10 2 50 2
206 120 220 253 261 187 80 276 287 258

10 2 50 3
82 97 153 297 248 210 219 245 108 150

10 2 50 4
243 207 126 206 119 81 252 155 126 286

10 2 50 5
164 135 257 298 196 150 277 244 162 196

10 2 50 6
278 288 150 257 239 231 116 153 169 145

10 2 50 7
92 222 297 88 110 122 237 243 125 225

10 2 50 8
291 225 235 160 176 249 160 137 227 250

10 2 50 9
271 265 134 267 81 262 150 126 162 176

10 2 50 10
263 108 247 152 213 90 276 148 186 137

10 2 51 1
22 53 61 50 47 36 66 70 56 72

10 2 51 2
54 88 71 8 47 44 2 11 54 2

10 2 51 3
46 1 43 35 8 82 40 21 11 74

10 2 51 4
97 89 10 90 70 43 13 55 34 89

10 2 51 5
9 83 26 70 24 34 55 72 21 5

10 2 51 6
99 32 87 13 31 52 2 12 73 92

10 2 51 7
77 40 86 16 44 42 53 47 97 85

10 2 51 8
88 56 43 35 48 25 63 77 94 13

10 2 51 9
43 23 9 39 2 96 56 1 73 83

10 2 51 10
73 1 2 68 43 46 84 38 57 88

10 2 52 1
95 74 54 53 82 37 63 96 55 79

10 2 52 2
72 85 36 98 40 59 60 58 41 40

10 2 52 3
36 63 56 89 83 42 97 81 63 90

10 2 52 4
63 71 57 71 67 59 65 86 53 70

10 2 52 5
49 35 53 44 84 34 60 37 100 71

10 2 52 6
42 57 62 42 70 65 99 32 44 45

10 2 52 7
68 84 87 93 51 39 30 98 53 69

10 2 52 8
35 52 93 87 90 32 60 59 77 34

10 2 52 9
87 56 62 67 73 83 56 92 83 61

10 2 52 10
33 39 45 36 92 93 80 35 80 89

10 2 53 1
60 93 69 61 72 76 98 98 72 92

10 2 53 2
54 70 58 86 75 68 74 70 72 89

10 2 53 3
100 54 55 53 53 72 79 77 71 81

10 2 53 4
95 51 90 79 85 84 76 80 72 80

10 2 53 5
83 55 67 81 59 50 88 77 58 96

10 2 53 6
97 64 52 81 80 76 54 64 66 79

10 2 53 7
88 59 81 64 54 70 65 76 80 77

10 2 53 8
75 79 73 68 68 57 82 71 72 62

10 2 53 9
91 85 76 59 90 93 71 65 69 85

10 2 53 10
74 75 64 94 51 89 66 89 65 86

10 2 54 1
94 87 93 88 89 100 96 96 88 95

10 2 54 2
80 92 81 93 87 96 86 82 96 81

10 2 54 3
92 87 86 96 99 85 93 88 88 85

10 2 54 4
88 94 81 100 87 85 86 94 87 86

10 2 54 5
82 86 94 92 84 88 88 80 84 96

10 2 54 6
91 87 89 98 80 99 97 100 94 92

10 2 54 7
100 87 93 84 98 85 96 93 90 94

10 2 54 8
92 99 87 95 85 91 84 97 96 96

10 2 54 9
85 98 97 90 91 94 81 92 98 95

10 2 54 10
100 85 82 93 97 100 92 84 94 96

10 2 55 1
265 112 131 224 166 273 106 145 289 280

10 2 55 2
126 164 280 143 244 167 112 175 249 137

10 2 55 3
260 234 183 179 187 197 116 158 184 217

10 2 55 4
90 285 199 146 166 92 176 140 198 87

10 2 55 5
208 231 262 129 98 139 127 225 81 116

10 2 55 6
198 240 277 82 154 264 184 226 121 286

10 2 55 7
260 159 140 93 174 88 135 85 233 187

10 2 55 8
164 195 275 126 222 151 199 230 120 106

10 2 55 9
212 212 271 232 169 142 229 181 106 121

10 2 55 10
295 267 262 268 114 143 265 276 241 109

10 2 56 1
53 40 37 60 18 33 72 64 59 48

10 2 56 2
34 15 73 56 2 5 65 18 57 4

10 2 56 3
74 75 85 41 10 16 85 5 43 82

10 2 56 4
60 37 90 96 78 68 68 22 27 82

10 2 56 5
23 90 8 71 97 63 15 69 40 6

10 2 56 6
76 55 59 88 84 13 75 15 6 44

10 2 56 7
49 68 17 27 63 19 39 90 68 33

10 2 56 8
74 78 47 35 60 3 44 39 82 81

10 2 56 9
37 30 69 11 1 2 70 7 67 68

10 2 56 10
51 63 44 46 85 7 20 52 40 28

10 2 57 1
80 31 41 37 99 85 40 77 69 71

10 2 57 2
83 70 47 30 76 60 50 92 97 44

10 2 57 3
31 67 67 71 30 57 80 53 93 45

10 2 57 4
97 51 52 66 46 38 35 37 41 40

10 2 57 5
59 90 68 83 68 33 90 38 85 60

10 2 57 6
43 51 55 47 31 69 53 46 39 44

10 2 57 7
70 30 31 46 79 64 42 55 38 49

10 2 57 8
89 100 99 42 54 95 71 89 88 37

10 2 57 9
77 63 30 52 85 35 31 44 50 46

10 2 57 10
57 66 43 34 34 55 58 44 39 56

10 2 58 1
62 78 62 62 61 92 76 75 55 96

10 2 58 2
67 75 56 70 63 54 94 55 60 55

10 2 58 3
68 80 83 72 72 83 54 83 77 67

10 2 58 4
95 59 89 62 54 59 82 71 94 57

10 2 58 5
63 90 61 58 97 88 58 75 54 80

10 2 58 6
95 90 90 71 78 79 95 80 52 86

10 2 58 7
62 93 95 61 73 98 67 80 95 65

10 2 58 8
89 88 87 95 75 71 75 65 51 73

10 2 58 9
56 87 53 86 60 61 87 81 93 98

10 2 58 10
68 96 77 72 87 92 68 100 95 95

10 2 59 1
97 86 91 96 91 85 99 80 87 100

10 2 59 2
100 95 90 92 90 99 98 99 100 80

10 2 59 3
100 99 94 95 100 85 88 92 100 84

10 2 59 4
80 97 88 82 96 98 80 82 80 94

10 2 59 5
92 87 90 88 89 94 88 84 100 96

10 2 59 6
96 99 97 98 82 93 91 97 89 99

10 2 59 7
83 96 97 86 92 89 81 90 87 86

10 2 59 8
82 99 91 90 100 82 96 87 87 82

10 2 59 9
92 89 88 98 99 97 98 93 87 91

10 2 59 10
100 100 100 86 86 91 83 97 84 80

10 2 60 1
164 213 222 123 176 97 165 126 290 212

10 2 60 2
271 117 83 267 100 135 237 222 212 184

10 2 60 3
183 102 213 263 265 212 224 218 187 147

10 2 60 4
106 152 189 171 211 130 181 160 224 269

10 2 60 5
164 234 207 282 223 154 115 128 290 254

10 2 60 6
152 299 175 100 83 242 242 96 143 104

10 2 60 7
101 147 287 201 292 127 120 81 97 261

10 2 60 8
105 257 192 110 146 222 239 215 295 152

10 2 60 9
155 193 228 262 293 286 82 104 290 147

10 2 60 10
174 158 196 265 251 102 287 283 275 273

10 2 61 1
62 100 22 23 74 73 14 53 2 31

10 2 61 2
5 62 44 65 40 9 74 63 6 100

10 2 61 3
46 49 41 49 69 60 21 8 18 45

10 2 61 4
6 34 32 65 23 33 20 80 87 34

10 2 61 5
64 47 63 91 32 23 76 99 63 96

10 2 61 6
77 60 63 38 27 10 42 6 1 26

10 2 61 7
63 26 47 4 78 30 100 86 55 78

10 2 61 8
40 21 64 76 16 79 61 67 76 77

10 2 61 9
81 47 55 83 69 31 15 86 37 81

10 2 61 10
14 89 94 75 48 47 14 61 81 77

10 2 62 1
62 49 45 69 94 65 100 76 32 59

10 2 62 2
38 49 97 90 58 79 62 66 49 100

10 2 62 3
37 81 74 70 91 45 73 37 31 75

10 2 62 4
96 82 43 30 63 32 82 62 77 33

10 2 62 5
84 44 67 42 47 67 79 35 67 81

10 2 62 6
71 66 41 41 80 84 73 40 89 67

10 2 62 7
70 76 60 40 94 71 94 52 33 31

10 2 62 8
96 56 98 87 85 89 54 37 42 93

10 2 62 9
54 71 74 98 67 30 75 77 81 79

10 2 62 10
78 96 30 47 45 86 95 59 92 37

10 2 63 1
65 92 93 55 99 92 73 70 78 79

10 2 63 2
69 98 87 73 52 99 75 89 76 60

10 2 63 3
63 78 85 83 90 63 90 63 77 95

10 2 63 4
99 66 97 73 50 99 88 82 78 62

10 2 63 5
73 52 95 72 94 74 96 73 63 51

10 2 63 6
83 75 63 84 79 55 95 91 62 58

10 2 63 7
99 86 79 70 56 56 80 88 96 62

10 2 63 8
94 89 52 94 62 78 98 79 55 86

10 2 63 9
52 100 53 100 95 72 60 53 69 83

10 2 63 10
85 51 82 92 64 59 53 74 85 92

10 2 64 1
92 100 91 84 100 88 98 85 84 82

10 2 64 2
100 94 91 89 96 93 92 88 80 95

10 2 64 3
80 84 85 98 96 82 90 100 98 92

10 2 64 4
83 94 97 91 91 88 80 98 94 96

10 2 64 5
99 91 95 91 94 92 95 80 96 84

10 2 64 6
90 80 84 96 94 85 100 94 82 94

10 2 64 7
80 94 84 89 84 80 97 90 93 86

10 2 64 8
97 96 93 87 81 98 85 91 97 98

10 2 64 9
97 98 87 80 100 85 97 81 88 83

10 2 64 10
97 90 83 95 85 88 98 81 85 100

10 2 65 1
90 266 275 234 249 112 116 101 236 113

10 2 65 2
148 260 218 236 200 167 249 80 81 274

10 2 65 3
203 126 198 93 140 102 229 252 264 102

10 2 65 4
161 153 176 85 84 129 209 105 109 190

10 2 65 5
147 137 291 139 162 118 100 132 213 291

10 2 65 6
136 108 144 232 92 157 286 105 132 227

10 2 65 7
155 84 116 112 144 190 94 220 151 180

10 2 65 8
182 255 216 84 293 266 282 221 223 136

10 2 65 9
120 223 272 199 137 95 195 140 196 214

10 2 65 10
287 249 221 247 200 119 240 89 267 276

